1000,0.479778320352121
1001,0.47930087978226
1002,0.478825093032396
1003,0.478350950679921
1004,0.477878443377501
1005,0.477407561852287
1006,0.476938296905153
1007,0.476470639409939
1008,0.476004580312698
1009,0.475540110630963
1010,0.475077221453014
1011,0.474615903937157
1012,0.474156149311015
1013,0.473697948870826
1014,0.473241293980747
1015,0.472786176072169
1016,0.472332586643042
1017,0.471880517257206
1018,0.471429959543733
1019,0.470980905196271
1020,0.470533345972404
1021,0.470087273693013
1022,0.469642680241651
1023,0.469199557563921
1024,0.468757897666862
1025,0.468317692618345
1026,0.467878934546474
1027,0.467441615638996
1028,0.467005728142716
1029,0.466571264362922
1030,0.466138216662812
1031,0.465706577462934
1032,0.465276339240628
1033,0.464847494529479
1034,0.464420035918768
1035,0.463993956052942
1036,0.463569247631079
1037,0.463145903406367
1038,0.462723916185584
1039,0.462303278828586
1040,0.461883984247803
1041,0.461466025407738
1042,0.461049395324473
1043,0.460634087065182
1044,0.460220093747644
1045,0.459807408539774
1046,0.459396024659143
1047,0.458985935372516
1048,0.458577133995393
1049,0.458169613891549
1050,0.45776336847259
1051,0.457358391197502
1052,0.456954675572213
1053,0.456552215149162
1054,0.456151003526862
1055,0.455751034349482
1056,0.455352301306422
1057,0.454954798131899
1058,0.454558518604537
1059,0.454163456546959
1060,0.453769605825389
1061,0.453376960349249
1062,0.452985514070773
1063,0.452595260984612
1064,0.452206195127457
1065,0.451818310577654
1066,0.45143160145483
1067,0.451046061919524
1068,0.450661686172816
1069,0.450278468455967
1070,0.449896403050055
1071,0.449515484275629
1072,0.449135706492348
1073,0.448757064098639
1074,0.448379551531349
1075,0.448003163265412
1076,0.447627893813505
1077,0.447253737725722
1078,0.446880689589238
1079,0.44650874402799
1080,0.446137895702352
1081,0.445768139308816
1082,0.445399469579679
1083,0.445031881282729
1084,0.444665369220939
1085,0.444299928232159
1086,0.443935553188817
1087,0.443572238997618
1088,0.44320998059925
1089,0.442848772968093
1090,0.442488611111926
1091,0.442129490071642
1092,0.441771404920969
1093,0.441414350766183
1094,0.441058322745837
1095,0.440703316030481
1096,0.440349325822395
1097,0.439996347355318
1098,0.439644375894183
1099,0.439293406734852
1100,0.438943435203858
1101,0.438594456658147
1102,0.438246466484821
1103,0.437899460100887
1104,0.437553432953008
1105,0.437208380517252
1106,0.436864298298853
1107,0.436521181831964
1108,0.436179026679418
1109,0.435837828432493
1110,0.435497582710674
1111,0.435158285161422
1112,0.434819931459946
1113,0.43448251730897
1114,0.434146038438512
1115,0.433810490605657
1116,0.43347586959434
1117,0.433142171215123
1118,0.432809391304982
1119,0.43247752572709
1120,0.432146570370605
1121,0.43181652115046
1122,0.431487374007156
1123,0.431159124906554
1124,0.430831769839672
1125,0.430505304822483
1126,0.430179725895714
1127,0.429855029124648
1128,0.42953121059893
1129,0.42920826643237
1130,0.428886192762752
1131,0.428564985751644
1132,0.428244641584207
1133,0.427925156469012
1134,0.427606526637852
1135,0.42728874834556
1136,0.426971817869826
1137,0.426655731511022
1138,0.426340485592017
1139,0.426026076458009
1140,0.425712500476342
1141,0.425399754036341
1142,0.425087833549134
1143,0.424776735447489
1144,0.42446645618564
1145,0.424156992239123
1146,0.423848340104614
1147,0.423540496299763
1148,0.423233457363031
1149,0.422927219853533
1150,0.422621780350879
1151,0.422317135455013
1152,0.422013281786065
1153,0.421710215984187
1154,0.42140793470941
1155,0.421106434641484
1156,0.420805712479736
1157,0.420505764942915
1158,0.420206588769048
1159,0.419908180715297
1160,0.419610537557808
1161,0.419313656091573
1162,0.419017533130285
1163,0.418722165506202
1164,0.418427550070002
1165,0.418133683690652
1166,0.417840563255265
1167,0.417548185668968
1168,0.417256547854767
1169,0.416965646753415
1170,0.416675479323279
1171,0.416386042540211
1172,0.416097333397417
1173,0.41580934890533
1174,0.415522086091484
1175,0.415235542000386
1176,0.414949713693391
1177,0.414664598248582
1178,0.414380192760645
1179,0.414096494340748
1180,0.413813500116418
1181,0.413531207231429
1182,0.413249612845676
1183,0.412968714135063
1184,0.412688508291385
1185,0.412408992522212
1186,0.412130164050779
1187,0.411852020115869
1188,0.411574557971701
1189,0.411297774887823
1190,0.411021668148997
1191,0.410746235055094
1192,0.410471472920985
1193,0.41019737907643
1194,0.409923950865978
1195,0.409651185648858
1196,0.409379080798874
1197,0.409107633704306
1198,0.4088368417678
1199,0.408566702406275
1200,0.408297213050814
1201,0.408028371146572
1202,0.40776017415267
1203,0.407492619542102
1204,0.407225704801633
1205,0.406959427431707
1206,0.40669378494635
1207,0.406428774873071
1208,0.406164394752776
1209,0.405900642139666
1210,0.405637514601152
1211,0.405375009717758
1212,0.405113125083033
1213,0.404851858303461
1214,0.404591206998369
1215,0.404331168799841
1216,0.40407174135263
1217,0.40381292231407
1218,0.403554709353988
1219,0.403297100154624
1220,0.403040092410539
1221,0.402783683828535
1222,0.402527872127573
1223,0.402272655038684
1224,0.402018030304893
1225,0.401763995681134
1226,0.401510548934173
1227,0.401257687842522
1228,0.401005410196367
1229,0.400753713797481
1230,0.400502596459154
1231,0.400252056006108
1232,0.400002090274428
1233,0.399752697111478
1234,0.399503874375832
1235,0.399255619937193
1236,0.399007931676325
1237,0.398760807484974
1238,0.398514245265797
1239,0.39826824293229
1240,0.398022798408717
1241,0.397777909630035
1242,0.397533574541826
1243,0.397289791100225
1244,0.397046557271854
1245,0.396803871033749
1246,0.396561730373292
1247,0.396320133288145
1248,0.396079077786183
1249,0.395838561885422
1250,0.395598583613961
1251,0.395359141009907
1252,0.395120232121316
1253,0.394881855006127
1254,0.394644007732098
1255,0.39440668837674
1256,0.394169895027254
1257,0.393933625780473
1258,0.393697878742794
1259,0.393462652030117
1260,0.39322794376779
1261,0.392993752090539
1262,0.392760075142415
1263,0.39252691107673
1264,0.392294258056
1265,0.392062114251884
1266,0.391830477845127
1267,0.391599347025504
1268,0.391368719991757
1269,0.391138594951545
1270,0.390908970121379
1271,0.390679843726575
1272,0.390451214001191
1273,0.390223079187975
1274,0.389995437538309
1275,0.389768287312157
1276,0.389541626778007
1277,0.38931545421282
1278,0.389089767901977
1279,0.388864566139224
1280,0.388639847226622
1281,0.388415609474493
1282,0.388191851201372
1283,0.38796857073395
1284,0.387745766407028
1285,0.387523436563465
1286,0.387301579554128
1287,0.387080193737841
1288,0.38685927748134
1289,0.386638829159216
1290,0.386418847153878
1291,0.386199329855493
1292,0.385980275661946
1293,0.38576168297879
1294,0.385543550219199
1295,0.385325875803921
1296,0.385108658161231
1297,0.384891895726889
1298,0.384675586944087
1299,0.384459730263411
1300,0.384244324142791
1301,0.384029367047459
1302,0.383814857449905
1303,0.383600793829828
1304,0.383387174674099
1305,0.383173998476715
1306,0.382961263738754
1307,0.382748968968335
1308,0.382537112680574
1309,0.382325693397543
1310,0.382114709648227
1311,0.381904159968483
1312,0.381694042900999
1313,0.381484356995253
1314,0.381275100807474
1315,0.381066272900599
1316,0.380857871844233
1317,0.380649896214612
1318,0.380442344594563
1319,0.380235215573462
1320,0.380028507747197
1321,0.379822219718132
1322,0.379616350095065
1323,0.379410897493191
1324,0.379205860534064
1325,0.379001237845561
1326,0.378797028061845
1327,0.378593229823325
1328,0.378389841776622
1329,0.378186862574533
1330,0.377984290875993
1331,0.37778212534604
1332,0.37758036465578
1333,0.377379007482349
1334,0.377178052508884
1335,0.376977498424479
1336,0.376777343924159
1337,0.376577587708842
1338,0.376378228485302
1339,0.376179264966142
1340,0.375980695869753
1341,0.375782519920286
1342,0.375584735847617
1343,0.375387342387313
1344,0.3751903382806
1345,0.374993722274332
1346,0.374797493120956
1347,0.374601649578484
1348,0.374406190410455
1349,0.374211114385911
1350,0.374016420279359
1351,0.373822106870744
1352,0.373628172945416
1353,0.3734346172941
1354,0.373241438712867
1355,0.3730486360031
1356,0.372856207971468
1357,0.372664153429894
1358,0.372472471195525
1359,0.372281160090703
1360,0.372090218942937
1361,0.371899646584873
1362,0.371709441854263
1363,0.371519603593942
1364,0.371330130651794
1365,0.371141021880724
1366,0.370952276138634
1367,0.370763892288393
1368,0.370575869197808
1369,0.370388205739598
1370,0.370200900791365
1371,0.370013953235572
1372,0.369827361959508
1373,0.369641125855268
1374,0.369455243819722
1375,0.369269714754493
1376,0.369084537565926
1377,0.368899711165067
1378,0.36871523446763
1379,0.368531106393982
1380,0.368347325869105
1381,0.36816389182258
1382,0.367980803188559
1383,0.367798058905739
1384,0.367615657917337
1385,0.367433599171067
1386,0.367251881619116
1387,0.367070504218116
1388,0.366889465929123
1389,0.366708765717592
1390,0.366528402553354
1391,0.366348375410591
1392,0.366168683267813
1393,0.365989325107834
1394,0.365810299917751
1395,0.365631606688917
1396,0.365453244416923
1397,0.36527521210157
1398,0.36509750874685
1399,0.364920133360923
1400,0.364743084956093
1401,0.364566362548789
1402,0.364389965159538
1403,0.364213891812947
1404,0.364038141537681
1405,0.363862713366441
1406,0.363687606335941
1407,0.363512819486887
1408,0.363338351863958
1409,0.363164202515783
1410,0.362990370494921
1411,0.36281685485784
1412,0.362643654664894
1413,0.362470768980308
1414,0.362298196872152
1415,0.362125937412323
1416,0.361953989676526
1417,0.361782352744252
1418,0.361611025698758
1419,0.361440007627051
1420,0.361269297619864
1421,0.361098894771637
1422,0.3609287981805
1423,0.360759006948253
1424,0.360589520180347
1425,0.360420336985861
1426,0.360251456477491
1427,0.360082877771522
1428,0.359914599987819
1429,0.3597466222498
1430,0.359578943684424
1431,0.359411563422166
1432,0.359244480597007
1433,0.35907769434641
1434,0.358911203811302
1435,0.358745008136061
1436,0.358579106468493
1437,0.358413497959818
1438,0.358248181764649
1439,0.358083157040979
1440,0.357918422950161
1441,0.35775397865689
1442,0.357589823329187
1443,0.357425956138385
1444,0.357262376259107
1445,0.357099082869252
1446,0.356936075149978
1447,0.356773352285685
1448,0.356610913464001
1449,0.356448757875761
1450,0.356286884714996
1451,0.356125293178911
1452,0.355963982467877
1453,0.355802951785405
1454,0.355642200338139
1455,0.355481727335837
1456,0.355321531991353
1457,0.355161613520624
1458,0.355001971142655
1459,0.354842604079503
1460,0.35468351155626
1461,0.35452469280104
1462,0.354366147044965
1463,0.354207873522145
1464,0.354049871469668
1465,0.353892140127584
1466,0.35373467873889
1467,0.353577486549513
1468,0.353420562808301
1469,0.353263906767002
1470,0.353107517680255
1471,0.352951394805573
1472,0.352795537403329
1473,0.352639944736742
1474,0.352484616071864
1475,0.352329550677566
1476,0.352174747825521
1477,0.352020206790197
1478,0.351865926848833
1479,0.351711907281437
1480,0.351558147370765
1481,0.351404646402307
1482,0.35125140366428
1483,0.351098418447609
1484,0.350945690045914
1485,0.350793217755502
1486,0.350641000875348
1487,0.350489038707085
1488,0.350337330554991
1489,0.350185875725974
1490,0.350034673529565
1491,0.349883723277896
1492,0.349733024285698
1493,0.349582575870279
1494,0.349432377351518
1495,0.349282428051852
1496,0.349132727296258
1497,0.348983274412248
1498,0.348834068729853
1499,0.348685109581612
1500,0.348536396302558
1501,0.348387928230211
1502,0.34823970470456
1503,0.348091725068055
1504,0.347943988665595
1505,0.347796494844514
1506,0.347649242954573
1507,0.347502232347945
1508,0.347355462379207
1509,0.347208932405324
1510,0.347062641785643
1511,0.346916589881878
1512,0.346770776058099
1513,0.346625199680723
1514,0.346479860118501
1515,0.346334756742509
1516,0.346189888926134
1517,0.346045256045065
1518,0.345900857477284
1519,0.345756692603051
1520,0.345612760804898
1521,0.345469061467613
1522,0.345325593978234
1523,0.345182357726038
1524,0.345039352102527
1525,0.344896576501421
1526,0.344754030318649
1527,0.344611712952333
1528,0.344469623802782
1529,0.344327762272483
1530,0.344186127766087
1531,0.344044719690402
1532,0.343903537454381
1533,0.343762580469113
1534,0.343621848147815
1535,0.343481339905818
1536,0.34334105516056
1537,0.343200993331577
1538,0.343061153840491
1539,0.342921536111003
1540,0.342782139568879
1541,0.342642963641948
1542,0.342504007760084
1543,0.342365271355203
1544,0.342226753861251
1545,0.342088454714195
1546,0.341950373352013
1547,0.341812509214686
1548,0.341674861744191
1549,0.341537430384486
1550,0.341400214581507
1551,0.341263213783154
1552,0.341126427439287
1553,0.340989855001714
1554,0.340853495924181
1555,0.340717349662368
1556,0.340581415673877
1557,0.34044569341822
1558,0.340310182356818
1559,0.340174881952988
1560,0.340039791671933
1561,0.339904910980736
1562,0.339770239348352
1563,0.339635776245598
1564,0.339501521145145
1565,0.33936747352151
1566,0.339233632851048
1567,0.339099998611943
1568,0.3389665702842
1569,0.338833347349638
1570,0.33870032929188
1571,0.338567515596346
1572,0.338434905750247
1573,0.338302499242573
1574,0.338170295564088
1575,0.338038294207319
1576,0.337906494666555
1577,0.33777489643783
1578,0.337643499018923
1579,0.337512301909346
1580,0.337381304610338
1581,0.337250506624857
1582,0.33711990745757
1583,0.336989506614852
1584,0.336859303604772
1585,0.336729297937088
1586,0.336599489123239
1587,0.336469876676339
1588,0.336340460111168
1589,0.336211238944167
1590,0.336082212693428
1591,0.335953380878688
1592,0.335824743021322
1593,0.335696298644335
1594,0.335568047272357
1595,0.335439988431633
1596,0.335312121650019
1597,0.335184446456973
1598,0.335056962383547
1599,0.334929668962385
1600,0.337848311468961
1601,0.337732998920333
1602,0.337617846399447
1603,0.337502853542988
1604,0.337388019988783
1605,0.337273345375793
1606,0.33715882934411
1607,0.337044471534952
1608,0.336930271590662
1609,0.336816229154697
1610,0.336702343871629
1611,0.336588615387138
1612,0.336475043348009
1613,0.336361627402126
1614,0.336248367198469
1615,0.336135262387108
1616,0.336022312619203
1617,0.335909517546991
1618,0.335796876823794
1619,0.335684390104002
1620,0.335572057043077
1621,0.335459877297548
1622,0.335347850525003
1623,0.335235976384088
1624,0.335124254534503
1625,0.335012684636994
1626,0.334901266353354
1627,0.334789999346416
1628,0.334678883280049
1629,0.334567917819156
1630,0.334457102629665
1631,0.334346437378533
1632,0.334235921733732
1633,0.334125555364255
1634,0.334015337940105
1635,0.333905269132293
1636,0.333795348612837
1637,0.333685576054753
1638,0.333575951132054
1639,0.333466473519747
1640,0.333357142893828
1641,0.333247958931277
1642,0.333138921310055
1643,0.333030029709102
1644,0.33292128380833
1645,0.332812683288623
1646,0.33270422783183
1647,0.332595917120761
1648,0.332487750839188
1649,0.332379728671834
1650,0.332271850304378
1651,0.332164115423442
1652,0.332056523716596
1653,0.331949074872347
1654,0.331841768580142
1655,0.33173460453036
1656,0.331627582414307
1657,0.33152070192422
1658,0.331413962753254
1659,0.331307364595485
1660,0.331200907145906
1661,0.331094590100419
1662,0.330988413155836
1663,0.330882376009875
1664,0.330776478361153
1665,0.330670719909188
1666,0.33056510035439
1667,0.330459619398063
1668,0.330354276742398
1669,0.33024907209047
1670,0.330144005146235
1671,0.330039075614528
1672,0.329934283201058
1673,0.329829627612406
1674,0.32972510855602
1675,0.329620725740213
1676,0.32951647887416
1677,0.329412367667893
1678,0.329308391832301
1679,0.329204551079123
1680,0.329100845120946
1681,0.328997273671206
1682,0.328893836444176
1683,0.328790533154972
1684,0.328687363519546
1685,0.328584327254679
1686,0.328481424077985
1687,0.328378653707905
1688,0.3282760158637
1689,0.328173510265456
1690,0.328071136634071
1691,0.327968894691262
1692,0.327866784159554
1693,0.327764804762283
1694,0.327662956223589
1695,0.327561238268414
1696,0.327459650622498
1697,0.327358193012381
1698,0.327256865165393
1699,0.327155666809655
1700,0.327054597674077
1701,0.326953657488353
1702,0.326852845982957
1703,0.326752162889144
1704,0.326651607938944
1705,0.326551180865161
1706,0.326450881401367
1707,0.326350709281904
1708,0.326250664241877
1709,0.326150746017153
1710,0.326050954344359
1711,0.325951288960876
1712,0.325851749604841
1713,0.325752336015141
1714,0.32565304793141
1715,0.325553885094027
1716,0.325454847244114
1717,0.325355934123534
1718,0.325257145474886
1719,0.325158481041502
1720,0.325059940567448
1721,0.324961523797519
1722,0.324863230477234
1723,0.324765060352838
1724,0.324667013171297
1725,0.324569088680294
1726,0.324471286628229
1727,0.324373606764216
1728,0.324276048838078
1729,0.324178612600348
1730,0.324081297802264
1731,0.323984104195765
1732,0.323887031533495
1733,0.323790079568792
1734,0.323693248055691
1735,0.32359653674892
1736,0.323499945403898
1737,0.323403473776731
1738,0.323307121624211
1739,0.323210888703814
1740,0.323114774773694
1741,0.323018779592687
1742,0.322922902920303
1743,0.322827144516723
1744,0.322731504142803
1745,0.322635981560066
1746,0.322540576530701
1747,0.322445288817559
1748,0.322350118184156
1749,0.322255064394665
1750,0.322160127213916
1751,0.322065306407394
1752,0.321970601741236
1753,0.321876012982227
1754,0.321781539897802
1755,0.321687182256041
1756,0.321592939825664
1757,0.321498812376036
1758,0.321404799677156
1759,0.321310901499663
1760,0.321217117614827
1761,0.321123447794552
1762,0.321029891811368
1763,0.320936449438436
1764,0.320843120449541
1765,0.320749904619088
1766,0.320656801722107
1767,0.320563811534243
1768,0.320470933831758
1769,0.32037816839153
1770,0.320285514991047
1771,0.320192973408408
1772,0.320100543422317
1773,0.320008224812088
1774,0.319916017357634
1775,0.319823920839474
1776,0.319731935038721
1777,0.319640059737089
1778,0.319548294716886
1779,0.319456639761013
1780,0.319365094652961
1781,0.319273659176812
1782,0.319182333117233
1783,0.319091116259476
1784,0.319000008389377
1785,0.318909009293352
1786,0.318818118758395
1787,0.318727336572078
1788,0.318636662522548
1789,0.318546096398523
1790,0.318455637989294
1791,0.318365287084719
1792,0.318275043475225
1793,0.3181849069518
1794,0.318094877306001
1795,0.31800495432994
1796,0.317915137816291
1797,0.317825427558287
1798,0.317735823349713
1799,0.317646324984909
1800,0.317556932258766
1801,0.317467644966725
1802,0.317378462904776
1803,0.317289385869451
1804,0.317200413657831
1805,0.317111546067535
1806,0.317022782896724
1807,0.316934123944099
1808,0.316845569008895
1809,0.316757117890883
1810,0.316668770390367
1811,0.316580526308182
1812,0.316492385445693
1813,0.316404347604791
1814,0.316316412587896
1815,0.316228580197947
1816,0.316140850238411
1817,0.316053222513271
1818,0.31596569682703
1819,0.31587827298471
1820,0.315790950791845
1821,0.315703730054485
1822,0.31561661057919
1823,0.315529592173032
1824,0.315442674643589
1825,0.315355857798947
1826,0.315269141447698
1827,0.315182525398934
1828,0.315096009462252
1829,0.315009593447747
1830,0.314923277166012
1831,0.314837060428137
1832,0.314750943045707
1833,0.314664924830801
1834,0.314579005595988
1835,0.314493185154327
1836,0.314407463319367
1837,0.314321839905141
1838,0.314236314726169
1839,0.314150887597456
1840,0.314065558334483
1841,0.313980326753218
1842,0.313895192670102
1843,0.313810155902058
1844,0.313725216266481
1845,0.313640373581241
1846,0.313555627664679
1847,0.31347097833561
1848,0.313386425413316
1849,0.313301968717545
1850,0.313217608068514
1851,0.313133343286904
1852,0.313049174193857
1853,0.312965100610979
1854,0.312881122360334
1855,0.312797239264447
1856,0.312713451146297
1857,0.31262975782932
1858,0.312546159137406
1859,0.312462654894897
1860,0.312379244926587
1861,0.312295929057718
1862,0.312212707113981
1863,0.312129578921514
1864,0.312046544306898
1865,0.311963603097161
1866,0.31188075511977
1867,0.311798000202635
1868,0.311715338174104
1869,0.311632768862964
1870,0.311550292098437
1871,0.311467907710182
1872,0.311385615528291
1873,0.311303415383286
1874,0.311221307106123
1875,0.311139290528186
1876,0.311057365481287
1877,0.310975531797665
1878,0.310893789309985
1879,0.310812137851334
1880,0.310730577255223
1881,0.310649107355583
1882,0.310567727986767
1883,0.310486438983544
1884,0.310405240181102
1885,0.310324131415044
1886,0.310243112521386
1887,0.31016218333656
1888,0.310081343697408
1889,0.310000593441183
1890,0.309919932405546
1891,0.309839360428567
1892,0.309758877348722
1893,0.309678483004893
1894,0.309598177236365
1895,0.309517959882827
1896,0.309437830784366
1897,0.309357789781474
1898,0.309277836715037
1899,0.309197971426342
1900,0.309118193757071
1901,0.3090385035493
1902,0.3089589006455
1903,0.308879384888534
1904,0.308799956121657
1905,0.308720614188512
1906,0.308641358933133
1907,0.308562190199941
1908,0.308483107833741
1909,0.308404111679727
1910,0.308325201583473
1911,0.308246377390939
1912,0.308167638948464
1913,0.308088986102768
1914,0.30801041870095
1915,0.307931936590487
1916,0.307853539619232
1917,0.307775227635415
1918,0.307697000487638
1919,0.307618858024878
1920,0.307540800096483
1921,0.307462826552171
1922,0.307384937242032
1923,0.307307132016523
1924,0.307229410726467
1925,0.307151773223054
1926,0.307074219357841
1927,0.306996748982746
1928,0.306919361950051
1929,0.306842058112399
1930,0.306764837322794
1931,0.306687699434599
1932,0.306610644301536
1933,0.306533671777682
1934,0.306456781717472
1935,0.306379973975696
1936,0.306303248407495
1937,0.306226604868366
1938,0.306150043214155
1939,0.30607356330106
1940,0.305997164985629
1941,0.305920848124755
1942,0.305844612575682
1943,0.305768458195998
1944,0.305692384843637
1945,0.305616392376876
1946,0.305540480654336
1947,0.305464649534979
1948,0.305388898878108
1949,0.305313228543367
1950,0.305237638390738
1951,0.305162128280539
1952,0.305086698073426
1953,0.305011347630392
1954,0.304936076812763
1955,0.304860885482198
1956,0.30478577350069
1957,0.304710740730563
1958,0.304635787034471
1959,0.304560912275397
1960,0.304486116316655
1961,0.304411399021884
1962,0.30433676025505
1963,0.304262199880445
1964,0.304187717762685
1965,0.304113313766709
1966,0.304038987757781
1967,0.303964739601483
1968,0.303890569163721
1969,0.303816476310717
1970,0.303742460909014
1971,0.303668522825472
1972,0.303594661927269
1973,0.303520878081895
1974,0.303447171157159
1975,0.303373541021182
1976,0.303299987542396
1977,0.303226510589549
1978,0.303153110031696
1979,0.303079785738204
1980,0.303006537578749
1981,0.302933365423315
1982,0.302860269142193
1983,0.30278724860598
1984,0.302714303685579
1985,0.302641434252197
1986,0.302568640177345
1987,0.302495921332836
1988,0.302423277590785
1989,0.302350708823609
1990,0.302278214904022
1991,0.30220579570504
1992,0.302133451099976
1993,0.302061180962439
1994,0.301988985166336
1995,0.301916863585869
1996,0.301844816095534
1997,0.301772842570121
1998,0.301700942884713
1999,0.301629116914685
2000,0.301557364535703
2001,0.301485685623723
2002,0.30141408005499
2003,0.301342547706038
2004,0.301271088453689
2005,0.30119970217505
2006,0.301128388747516
2007,0.301057148048766
2008,0.300985979956763
2009,0.300914884349753
2010,0.300843861106267
2011,0.300772910105115
2012,0.300702031225389
2013,0.30063122434646
2014,0.30056048934798
2015,0.300489826109878
2016,0.300419234512361
2017,0.300348714435912
2018,0.300278265761291
2019,0.300207888369534
2020,0.300137582141948
2021,0.300067346960116
2022,0.299997182705894
2023,0.299927089261408
2024,0.299857066509057
2025,0.299787114331509
2026,0.299717232611701
2027,0.299647421232842
2028,0.299577680078404
2029,0.29950800903213
2030,0.299438407978028
2031,0.299368876800372
2032,0.299299415383699
2033,0.299230023612813
2034,0.299160701372779
2035,0.299091448548925
2036,0.299022265026842
2037,0.298953150692379
2038,0.298884105431649
2039,0.298815129131022
2040,0.298746221677126
2041,0.29867738295685
2042,0.298608612857338
2043,0.29853991126599
2044,0.298471278070463
2045,0.298402713158669
2046,0.298334216418774
2047,0.298265787739196
2048,0.298197427008608
2049,0.298129134115934
2050,0.298060908950348
2051,0.297992751401278
2052,0.297924661358398
2053,0.297856638711634
2054,0.297788683351159
2055,0.297720795167394
2056,0.297652974051008
2057,0.297585219892913
2058,0.297517532584271
2059,0.297449912016486
2060,0.297382358081206
2061,0.297314870670325
2062,0.297247449675978
2063,0.29718009499054
2064,0.297112806506632
2065,0.297045584117113
2066,0.29697842771508
2067,0.296911337193875
2068,0.296844312447072
2069,0.296777353368488
2070,0.296710459852175
2071,0.296643631792422
2072,0.296576869083753
2073,0.29651017162093
2074,0.296443539298947
2075,0.296376972013032
2076,0.296310469658648
2077,0.296244032131488
2078,0.29617765932748
2079,0.29611135114278
2080,0.296045107473778
2081,0.295978928217092
2082,0.295912813269568
2083,0.295846762528284
2084,0.295780775890543
2085,0.295714853253878
2086,0.295648994516046
2087,0.295583199575032
2088,0.295517468329045
2089,0.295451800676521
2090,0.295386196516118
2091,0.295320655746719
2092,0.295255178267428
2093,0.295189763977574
2094,0.295124412776706
2095,0.295059124564594
2096,0.294993899241228
2097,0.29492873670682
2098,0.294863636861799
2099,0.294798599606813
2100,0.294733624842729
2101,0.29466871247063
2102,0.294603862391817
2103,0.294539074507806
2104,0.294474348720329
2105,0.294409684931333
2106,0.294345083042979
2107,0.294280542957643
2108,0.294216064577912
2109,0.294151647806588
2110,0.294087292546682
2111,0.29402299870142
2112,0.293958766174235
2113,0.293894594868774
2114,0.293830484688889
2115,0.293766435538646
2116,0.293702447322316
2117,0.29363851994438
2118,0.293574653309524
2119,0.293510847322642
2120,0.293447101888835
2121,0.293383416913408
2122,0.293319792301872
2123,0.293256227959942
2124,0.293192723793537
2125,0.29312927970878
2126,0.293065895611996
2127,0.293002571409711
2128,0.292939307008656
2129,0.292876102315759
2130,0.292812957238152
2131,0.292749871683165
2132,0.292686845558328
2133,0.29262387877137
2134,0.292560971230219
2135,0.292498122842998
2136,0.292435333518031
2137,0.292372603163836
2138,0.292309931689129
2139,0.29224731900282
2140,0.292184765014016
2141,0.292122269632016
2142,0.292059832766315
2143,0.291997454326602
2144,0.291935134222756
2145,0.291872872364853
2146,0.291810668663157
2147,0.291748523028124
2148,0.291686435370403
2149,0.291624405600832
2150,0.291562433630438
2151,0.291500519370438
2152,0.29143866273224
2153,0.291376863627437
2154,0.291315121967811
2155,0.291253437665332
2156,0.291191810632155
2157,0.291130240780625
2158,0.291068728023268
2159,0.291007272272798
2160,0.290945873442115
2161,0.290884531444299
2162,0.290823246192619
2163,0.290762017600522
2164,0.290700845581643
2165,0.290639730049795
2166,0.290578670918975
2167,0.290517668103361
2168,0.290456721517311
2169,0.290395831075365
2170,0.290334996692242
2171,0.290274218282839
2172,0.290213495762234
2173,0.290152829045682
2174,0.290092218048618
2175,0.290031662686651
2176,0.289971162875569
2177,0.289910718531339
2178,0.289850329570098
2179,0.289789995908164
2180,0.289729717462027
2181,0.289669494148354
2182,0.289609325883983
2183,0.28954921258593
2184,0.289489154171381
2185,0.289429150557694
2186,0.289369201662403
2187,0.289309307403211
2188,0.289249467697993
2189,0.289189682464796
2190,0.289129951621835
2191,0.289070275087497
2192,0.28901065278034
2193,0.288951084619087
2194,0.288891570522634
2195,0.288832110410042
2196,0.288772704200541
2197,0.288713351813529
2198,0.288654053168571
2199,0.288594808185397
2200,0.288535616783904
2201,0.288476478884154
2202,0.288417394406375
2203,0.28835836327096
2204,0.288299385398465
2205,0.28824046070961
2206,0.288181589125279
2207,0.288122770566519
2208,0.28806400495454
2209,0.288005292210714
2210,0.287946632256573
2211,0.287888025013811
2212,0.287829470404285
2213,0.287770968350011
2214,0.287712518773164
2215,0.287654121596079
2216,0.287595776741252
2217,0.287537484131336
2218,0.287479243689143
2219,0.287421055337642
2220,0.28736291899996
2221,0.287304834599383
2222,0.287246802059352
2223,0.287188821303463
2224,0.28713089225547
2225,0.287073014839281
2226,0.287015188978962
2227,0.286957414598729
2228,0.286899691622957
2229,0.286842019976171
2230,0.286784399583052
2231,0.286726830368433
2232,0.2866693122573
2233,0.286611845174792
2234,0.286554429046198
2235,0.286497063796961
2236,0.286439749352672
2237,0.286382485639075
2238,0.286325272582064
2239,0.286268110107683
2240,0.286210998142125
2241,0.286153936611733
2242,0.286096925442996
2243,0.286039964562557
2244,0.285983053897201
2245,0.285926193373863
2246,0.285869382919628
2247,0.285812622461723
2248,0.285755911927525
2249,0.285699251244556
2250,0.285642640340484
2251,0.285586079143121
2252,0.285529567580426
2253,0.285473105580502
2254,0.285416693071595
2255,0.285360329982096
2256,0.285304016240541
2257,0.285247751775605
2258,0.285191536516111
2259,0.28513537039102
2260,0.285079253329438
2261,0.28502318526061
2262,0.284967166113925
2263,0.284911195818912
2264,0.28485527430524
2265,0.284799401502719
2266,0.284743577341299
2267,0.284687801751068
2268,0.284632074662255
2269,0.284576396005227
2270,0.28452076571049
2271,0.284465183708688
2272,0.284409649930602
2273,0.284354164307151
2274,0.284298726769392
2275,0.284243337248518
2276,0.284187995675857
2277,0.284132701982875
2278,0.284077456101172
2279,0.284022257962486
2280,0.283967107498688
2281,0.283912004641783
2282,0.283856949323913
2283,0.283801941477351
2284,0.283746981034506
2285,0.283692067927918
2286,0.283637202090264
2287,0.283582383454348
2288,0.283527611953112
2289,0.283472887519625
2290,0.283418210087092
2291,0.283363579588847
2292,0.283308995958354
2293,0.28325445912921
2294,0.283199969035141
2295,0.283145525610005
2296,0.283091128787785
2297,0.283036778502599
2298,0.282982474688691
2299,0.282928217280433
2300,0.282874006212328
2301,0.282819841419005
2302,0.282765722835221
2303,0.282711650395862
2304,0.282657624035939
2305,0.282603643690591
2306,0.282549709295084
2307,0.282495820784809
2308,0.282441978095283
2309,0.28238818116215
2310,0.282334429921176
2311,0.282280724308256
2312,0.282227064259407
2313,0.282173449710772
2314,0.282119880598615
2315,0.282066356859326
2316,0.28201287842942
2317,0.281959445245531
2318,0.281906057244419
2319,0.281852714362965
2320,0.281799416538173
2321,0.281746163707168
2322,0.281692955807196
2323,0.281639792775628
2324,0.281586674549951
2325,0.281533601067775
2326,0.28148057226683
2327,0.281427588084968
2328,0.281374648460158
2329,0.28132175333049
2330,0.281268902634173
2331,0.281216096309533
2332,0.281163334295018
2333,0.281110616529193
2334,0.281057942950739
2335,0.281005313498458
2336,0.280952728111267
2337,0.2809001867282
2338,0.280847689288411
2339,0.280795235731167
2340,0.280742825995854
2341,0.280690460021972
2342,0.280638137749137
2343,0.280585859117082
2344,0.280533624065653
2345,0.280481432534813
2346,0.280429284464638
2347,0.28037717979532
2348,0.280325118467164
2349,0.280273100420587
2350,0.280221125596123
2351,0.280169193934418
2352,0.280117305376228
2353,0.280065459862427
2354,0.280013657333997
2355,0.279961897732034
2356,0.279910180997746
2357,0.279858507072451
2358,0.279806875897581
2359,0.279755287414676
2360,0.27970374156539
2361,0.279652238291484
2362,0.279600777534832
2363,0.279549359237416
2364,0.279497983341331
2365,0.279446649788777
2366,0.279395358522067
2367,0.279344109483619
2368,0.279292902615964
2369,0.279241737861738
2370,0.279190615163687
2371,0.279139534464664
2372,0.279088495707631
2373,0.279037498835655
2374,0.278986543791913
2375,0.278935630519685
2376,0.278884758962362
2377,0.278833929063437
2378,0.278783140766513
2379,0.278732394015297
2380,0.2786816887536
2381,0.278631024925341
2382,0.278580402474543
2383,0.278529821345334
2384,0.278479281481947
2385,0.278428782828716
2386,0.278378325330084
2387,0.278327908930595
2388,0.278277533574897
2389,0.278227199207742
2390,0.278176905773984
2391,0.27812665321858
2392,0.27807644148659
2393,0.278026270523177
2394,0.277976140273605
2395,0.27792605068324
2396,0.277876001697549
2397,0.277825993262103
2398,0.277776025322571
2399,0.277726097824725
2400,0.277676210714436
2401,0.277626363937677
2402,0.27757655744052
2403,0.277526791169137
2404,0.277477065069801
2405,0.277427379088883
2406,0.277377733172854
2407,0.277328127268284
2408,0.277278561321841
2409,0.277229035280292
2410,0.277179549090503
2411,0.277130102699437
2412,0.277080696054155
2413,0.277031329101817
2414,0.276982001789678
2415,0.276932714065091
2416,0.276883465875509
2417,0.276834257168476
2418,0.276785087891637
2419,0.276735957992731
2420,0.276686867419594
2421,0.276637816120158
2422,0.276588804042449
2423,0.276539831134591
2424,0.2764908973448
2425,0.276442002621389
2426,0.276393146912764
2427,0.276344330167429
2428,0.276295552333978
2429,0.2762468133611
2430,0.276198113197581
2431,0.276149451792296
2432,0.276100829094216
2433,0.276052245052405
2434,0.27600369961602
2435,0.275955192734309
2436,0.275906724356614
2437,0.275858294432369
2438,0.275809902911101
2439,0.275761549742427
2440,0.275713234876057
2441,0.275664958261791
2442,0.275616719849522
2443,0.275568519589232
2444,0.275520357430997
2445,0.275472233324979
2446,0.275424147221435
2447,0.275376099070709
2448,0.275328088823235
2449,0.275280116429539
2450,0.275232181840236
2451,0.275184285006027
2452,0.275136425877707
2453,0.275088604406155
2454,0.275040820542344
2455,0.274993074237332
2456,0.274945365442264
2457,0.274897694108378
2458,0.274850060186995
2459,0.274802463629527
2460,0.274754904387472
2461,0.274707382412414
2462,0.274659897656028
2463,0.274612450070072
2464,0.274565039606392
2465,0.274517666216921
2466,0.274470329853678
2467,0.274423030468768
2468,0.274375768014382
2469,0.274328542442797
2470,0.274281353706374
2471,0.274234201757561
2472,0.274187086548891
2473,0.274140008032981
2474,0.274092966162534
2475,0.274045960890335
2476,0.273998992169256
2477,0.273952059952252
2478,0.273905164192363
2479,0.273858304842711
2480,0.273811481856503
2481,0.273764695187028
2482,0.273717944787659
2483,0.273671230611854
2484,0.27362455261315
2485,0.273577910745169
2486,0.273531304961615
2487,0.273484735216274
2488,0.273438201463014
2489,0.273391703655786
2490,0.273345241748622
2491,0.273298815695633
2492,0.273252425451017
2493,0.273206070969047
2494,0.273159752204081
2495,0.273113469110556
2496,0.273067221642991
2497,0.273021009755984
2498,0.272974833404213
2499,0.272928692542438
2500,0.272882587125497
2501,0.272836517108309
2502,0.272790482445871
2503,0.27274448309326
2504,0.272698519005634
2505,0.272652590138226
2506,0.272606696446352
2507,0.272560837885404
2508,0.272515014410853
2509,0.272469225978249
2510,0.272423472543218
2511,0.272377754061468
2512,0.272332070488779
2513,0.272286421781015
2514,0.272240807894111
2515,0.272195228784085
2516,0.272149684407027
2517,0.272104174719108
2518,0.272058699676574
2519,0.272013259235746
2520,0.271967853353025
2521,0.271922481984884
2522,0.271877145087875
2523,0.271831842618624
2524,0.271786574533835
2525,0.271741340790285
2526,0.271696141344829
2527,0.271650976154393
2528,0.271605845175983
2529,0.271560748366676
2530,0.271515685683626
2531,0.271470657084061
2532,0.271425662525281
2533,0.271380701964665
2534,0.271335775359661
2535,0.271290882667793
2536,0.271246023846661
2537,0.271201198853934
2538,0.271156407647357
2539,0.271111650184749
2540,0.271066926424
2541,0.271022236323073
2542,0.270977579840006
2543,0.270932956932907
2544,0.270888367559958
2545,0.270843811679412
2546,0.270799289249595
2547,0.270754800228905
2548,0.270710344575811
2549,0.270665922248854
2550,0.270621533206646
2551,0.270577177407871
2552,0.270532854811284
2553,0.270488565375711
2554,0.270444309060049
2555,0.270400085823264
2556,0.270355895624395
2557,0.27031173842255
2558,0.270267614176906
2559,0.270223522846713
2560,0.270179464391289
2561,0.270135438770022
2562,0.270091445942369
2563,0.270047485867857
2564,0.270003558506083
2565,0.269959663816712
2566,0.269915801759479
2567,0.269871972294186
2568,0.269828175380707
2569,0.26978441097898
2570,0.269740679049016
2571,0.269696979550891
2572,0.269653312444751
2573,0.269609677690808
2574,0.269566075249343
2575,0.269522505080706
2576,0.26947896714531
2577,0.269435461403641
2578,0.269391987816248
2579,0.26934854634375
2580,0.269305136946831
2581,0.269261759586241
2582,0.2692184142228
2583,0.269175100817391
2584,0.269131819330965
2585,0.269088569724538
2586,0.269045351959195
2587,0.269002165996083
2588,0.268959011796417
2589,0.268915889321477
2590,0.268872798532609
2591,0.268829739391224
2592,0.268786711858798
2593,0.268743715896873
2594,0.268700751467053
2595,0.268657818531012
2596,0.268614917050482
2597,0.268572046987266
2598,0.268529208303227
2599,0.268486400960293
2600,0.268443624920459
2601,0.268400880145779
2602,0.268358166598374
2603,0.26831548424043
2604,0.268272833034192
2605,0.268230212941973
2606,0.268187623926145
2607,0.268145065949148
2608,0.268102538973481
2609,0.268060042961706
2610,0.268017577876451
2611,0.267975143680404
2612,0.267932740336315
2613,0.267890367806998
2614,0.267848026055328
2615,0.267805715044243
2616,0.267763434736743
2617,0.267721185095887
2618,0.2676789660848
2619,0.267636777666665
2620,0.267594619804728
2621,0.267552492462297
2622,0.267510395602739
2623,0.267468329189483
2624,0.267426293186021
2625,0.267384287555901
2626,0.267342312262736
2627,0.267300367270197
2628,0.267258452542017
2629,0.267216568041989
2630,0.267174713733963
2631,0.267132889581854
2632,0.267091095549633
2633,0.267049331601333
2634,0.267007597701044
2635,0.266965893812919
2636,0.266924219901167
2637,0.266882575930059
2638,0.266840961863922
2639,0.266799377667145
2640,0.266757823304174
2641,0.266716298739515
2642,0.266674803937731
2643,0.266633338863445
2644,0.266591903481337
2645,0.266550497756147
2646,0.26650912165267
2647,0.266467775135763
2648,0.266426458170337
2649,0.266385170721364
2650,0.266343912753872
2651,0.266302684232946
2652,0.266261485123729
2653,0.266220315391423
2654,0.266179175001283
2655,0.266138063918624
2656,0.266096982108818
2657,0.266055929537294
2658,0.266014906169534
2659,0.265973911971082
2660,0.265932946907534
2661,0.265892010944545
2662,0.265851104047824
2663,0.265810226183138
2664,0.26576937731631
2665,0.265728557413216
2666,0.265687766439792
2667,0.265647004362025
2668,0.265606271145961
2669,0.265565566757701
2670,0.265524891163399
2671,0.265484244329266
2672,0.265443626221568
2673,0.265403036806626
2674,0.265362476050813
2675,0.265321943920561
2676,0.265281440382354
2677,0.265240965402731
2678,0.265200518948284
2679,0.265160100985663
2680,0.265119711481568
2681,0.265079350402755
2682,0.265039017716033
2683,0.264998713388267
2684,0.264958437386372
2685,0.26491818967732
2686,0.264877970228135
2687,0.264837779005893
2688,0.264797615977725
2689,0.264757481110816
2690,0.264717374372401
2691,0.26467729572977
2692,0.264637245150266
2693,0.264597222601284
2694,0.264557228050271
2695,0.264517261464727
2696,0.264477322812205
2697,0.26443741206031
2698,0.264397529176697
2699,0.264357674129077
2700,0.26431784688521
2701,0.264278047412908
2702,0.264238275680036
2703,0.264198531654509
2704,0.264158815304296
2705,0.264119126597414
2706,0.264079465501935
2707,0.264039831985979
2708,0.264000226017718
2709,0.263960647565376
2710,0.263921096597228
2711,0.263881573081597
2712,0.263842076986861
2713,0.263802608281444
2714,0.263763166933824
2715,0.263723752912527
2716,0.263684366186131
2717,0.263645006723263
2718,0.263605674492602
2719,0.263566369462873
2720,0.263527091602854
2721,0.263487840881373
2722,0.263448617267306
2723,0.263409420729578
2724,0.263370251237167
2725,0.263331108759096
2726,0.263291993264439
2727,0.263252904722321
2728,0.263213843101914
2729,0.263174808372438
2730,0.263135800503163
2731,0.26309681946341
2732,0.263057865222545
2733,0.263018937749984
2734,0.262980037015192
2735,0.262941162987681
2736,0.262902315637013
2737,0.262863494932798
2738,0.262824700844691
2739,0.262785933342399
2740,0.262747192395674
2741,0.262708477974318
2742,0.26266979004818
2743,0.262631128587154
2744,0.262592493561185
2745,0.262553884940264
2746,0.262515302694429
2747,0.262476746793766
2748,0.262438217208406
2749,0.262399713908531
2750,0.262361236864365
2751,0.262322786046183
2752,0.262284361424304
2753,0.262245962969096
2754,0.26220759065097
2755,0.262169244440387
2756,0.262130924307853
2757,0.262092630223919
2758,0.262054362159185
2759,0.262016120084294
2760,0.261977903969937
2761,0.261939713786851
2762,0.261901549505816
2763,0.261863411097662
2764,0.261825298533261
2765,0.261787211783533
2766,0.261749150819441
2767,0.261711115611995
2768,0.26167310613225
2769,0.261635122351307
2770,0.26159716424031
2771,0.261559231770449
2772,0.261521324912959
2773,0.26148344363912
2774,0.261445587920257
2775,0.261407757727739
2776,0.261369953032979
2777,0.261332173807435
2778,0.26129442002261
2779,0.26125669165005
2780,0.261218988661347
2781,0.261181311028135
2782,0.261143658722093
2783,0.261106031714943
2784,0.261068429978454
2785,0.261030853484435
2786,0.26099330220474
2787,0.260955776111267
2788,0.260918275175957
2789,0.260880799370794
2790,0.260843348667807
2791,0.260805923039067
2792,0.260768522456687
2793,0.260731146892825
2794,0.260693796319682
2795,0.260656470709499
2796,0.260619170034565
2797,0.260581894267206
2798,0.260544643379794
2799,0.260507417344743
2800,0.26047021613451
2801,0.260433039721592
2802,0.260395888078532
2803,0.260358761177912
2804,0.260321658992357
2805,0.260284581494535
2806,0.260247528657156
2807,0.260210500452971
2808,0.260173496854771
2809,0.260136517835392
2810,0.260099563367711
2811,0.260062633424646
2812,0.260025727979155
2813,0.25998884700424
2814,0.259951990472943
2815,0.259915158358348
2816,0.259878350633578
2817,0.2598415672718
2818,0.259804808246219
2819,0.259768073530084
2820,0.259731363096683
2821,0.259694676919345
2822,0.259658014971439
2823,0.259621377226376
2824,0.259584763657608
2825,0.259548174238624
2826,0.259511608942957
2827,0.259475067744179
2828,0.259438550615902
2829,0.259402057531778
2830,0.259365588465499
2831,0.259329143390798
2832,0.259292722281447
2833,0.259256325111258
2834,0.259219951854083
2835,0.259183602483813
2836,0.259147276974378
2837,0.259110975299751
2838,0.259074697433939
2839,0.259038443350993
2840,0.259002213025002
2841,0.258966006430092
2842,0.258929823540431
2843,0.258893664330224
2844,0.258857528773717
2845,0.258821416845194
2846,0.258785328518976
2847,0.258749263769425
2848,0.258713222570942
2849,0.258677204897964
2850,0.258641210724969
2851,0.258605240026473
2852,0.25856929277703
2853,0.258533368951231
2854,0.258497468523708
2855,0.258461591469129
2856,0.2584257377622
2857,0.258389907377667
2858,0.258354100290312
2859,0.258318316474956
2860,0.258282555906457
2861,0.258246818559711
2862,0.258211104409652
2863,0.258175413431252
2864,0.258139745599518
2865,0.258104100889497
2866,0.258068479276274
2867,0.258032880734968
2868,0.257997305240737
2869,0.257961752768778
2870,0.257926223294322
2871,0.257890716792638
2872,0.257855233239034
2873,0.257819772608851
2874,0.257784334877471
2875,0.257748920020308
2876,0.257713528012818
2877,0.257678158830489
2878,0.257642812448848
2879,0.257607488843458
2880,0.257572187989918
2881,0.257536909863863
2882,0.257501654440966
2883,0.257466421696933
2884,0.25743121160751
2885,0.257396024148477
2886,0.257360859295648
2887,0.257325717024876
2888,0.257290597312049
2889,0.25725550013309
2890,0.257220425463959
2891,0.25718537328065
2892,0.257150343559193
2893,0.257115336275655
2894,0.257080351406136
2895,0.257045388926774
2896,0.257010448813739
2897,0.25697553104324
2898,0.256940635591518
2899,0.25690576243485
2900,0.25687091154955
2901,0.256836082911965
2902,0.256801276498476
2903,0.2567664922855
2904,0.256731730249491
2905,0.256696990366933
2906,0.256662272614348
2907,0.256627576968292
2908,0.256592903405355
2909,0.256558251902162
2910,0.256523622435371
2911,0.256489014981676
2912,0.256454429517805
2913,0.256419866020518
2914,0.256385324466613
2915,0.256350804832918
2916,0.256316307096297
2917,0.256281831233649
2918,0.256247377221905
2919,0.25621294503803
2920,0.256178534659023
2921,0.256144146061917
2922,0.25610977922378
2923,0.256075434121709
2924,0.25604111073284
2925,0.256006809034338
2926,0.255972529003404
2927,0.255938270617272
2928,0.255904033853208
2929,0.255869818688512
2930,0.255835625100517
2931,0.255801453066589
2932,0.255767302564127
2933,0.255733173570563
2934,0.255699066063361
2935,0.25566498002002
2936,0.255630915418069
2937,0.255596872235072
2938,0.255562850448624
2939,0.255528850036353
2940,0.25549487097592
2941,0.255460913245019
2942,0.255426976821373
2943,0.255393061682742
2944,0.255359167806916
2945,0.255325295171716
2946,0.255291443754996
2947,0.255257613534644
2948,0.255223804488578
2949,0.255190016594748
2950,0.255156249831136
2951,0.255122504175757
2952,0.255088779606657
2953,0.255055076101912
2954,0.255021393639633
2955,0.254987732197961
2956,0.254954091755067
2957,0.254920472289156
2958,0.254886873778462
2959,0.254853296201254
2960,0.254819739535829
2961,0.254786203760516
2962,0.254752688853676
2963,0.254719194793699
2964,0.254685721559011
2965,0.254652269128063
2966,0.25461883747934
2967,0.254585426591359
2968,0.254552036442665
2969,0.254518667011837
2970,0.254485318277481
2971,0.254451990218238
2972,0.254418682812775
2973,0.254385396039794
2974,0.254352129878024
2975,0.254318884306227
2976,0.254285659303194
2977,0.254252454847746
2978,0.254219270918736
2979,0.254186107495045
2980,0.254152964555586
2981,0.254119842079302
2982,0.254086740045166
2983,0.254053658432179
2984,0.254020597219374
2985,0.253987556385815
2986,0.253954535910593
2987,0.25392153577283
2988,0.253888555951679
2989,0.25385559642632
2990,0.253822657175966
2991,0.253789738179857
2992,0.253756839417264
2993,0.253723960867485
2994,0.253691102509852
2995,0.253658264323721
2996,0.253625446288482
2997,0.253592648383551
2998,0.253559870588374
2999,0.253527112882428
3000,0.253494375245218
3001,0.253461657656276
3002,0.253428960095165
3003,0.253396282541478
3004,0.253363624974835
3005,0.253330987374885
3006,0.253298369721307
3007,0.253265771993807
3008,0.253233194172121
3009,0.253200636236014
3010,0.253168098165278
3011,0.253135579939735
3012,0.253103081539234
3013,0.253070602943655
3014,0.253038144132903
3015,0.253005705086914
3016,0.252973285785651
3017,0.252940886209106
3018,0.252908506337297
3019,0.252876146150274
3020,0.252843805628112
3021,0.252811484750915
3022,0.252779183498814
3023,0.25274690185197
3024,0.25271463979057
3025,0.25268239729483
3026,0.252650174344994
3027,0.252617970921331
3028,0.252585787004141
3029,0.252553622573751
3030,0.252521477610513
3031,0.252489352094809
3032,0.252457246007049
3033,0.252425159327668
3034,0.252393092037131
3035,0.252361044115928
3036,0.252329015544577
3037,0.252297006303624
3038,0.252265016373642
3039,0.252233045735231
3040,0.252201094369017
3041,0.252169162255654
3042,0.252137249375824
3043,0.252105355710234
3044,0.252073481239619
3045,0.252041625944741
3046,0.252009789806387
3047,0.251977972805374
3048,0.251946174922543
3049,0.251914396138762
3050,0.251882636434927
3051,0.25185089579196
3052,0.251819174190808
3053,0.251787471612446
3054,0.251755788037876
3055,0.251724123448125
3056,0.251692477824246
3057,0.251660851147319
3058,0.251629243398452
3059,0.251597654558775
3060,0.251566084609449
3061,0.251534533531657
3062,0.251503001306611
3063,0.251471487915547
3064,0.251439993339729
3065,0.251408517560442
3066,0.251377060559004
3067,0.251345622316754
3068,0.251314202815058
3069,0.251282802035309
3070,0.251251419958922
3071,0.251220056567343
3072,0.251188711842038
3073,0.251157385764503
3074,0.251126078316257
3075,0.251094789478845
3076,0.251063519233839
3077,0.251032267562833
3078,0.251001034447449
3079,0.250969819869335
3080,0.25093862381016
3081,0.250907446251623
3082,0.250876287175446
3083,0.250845146563376
3084,0.250814024397184
3085,0.250782920658669
3086,0.250751835329653
3087,0.250720768391982
3088,0.25068971982753
3089,0.250658689618191
3090,0.25062767774589
3091,0.250596684192571
3092,0.250565708940206
3093,0.25053475197079
3094,0.250503813266345
3095,0.250472892808915
3096,0.25044199058057
3097,0.250411106563404
3098,0.250380240739534
3099,0.250349393091105
3100,0.250318563600283
3101,0.25028775224926
3102,0.250256959020251
3103,0.250226183895497
3104,0.250195426857263
3105,0.250164687887835
3106,0.250133966969528
3107,0.250103264084677
3108,0.250072579215643
3109,0.250041912344811
3110,0.250011263454589
3111,0.24998063252741
3112,0.24995001954573
3113,0.249919424492029
3114,0.249888847348812
3115,0.249858288098604
3116,0.249827746723959
3117,0.249797223207451
3118,0.249766717531678
3119,0.249736229679264
3120,0.249705759632852
3121,0.249675307375114
3122,0.24964487288874
3123,0.249614456156448
3124,0.249584057160977
3125,0.249553675885089
3126,0.24952331231157
3127,0.249492966423231
3128,0.249462638202902
3129,0.249432327633441
3130,0.249402034697725
3131,0.249371759378657
3132,0.249341501659161
3133,0.249311261522185
3134,0.249281038950701
3135,0.249250833927702
3136,0.249220646436204
3137,0.249190476459248
3138,0.249160323979895
3139,0.249130188981232
3140,0.249100071446365
3141,0.249069971358425
3142,0.249039888700566
3143,0.249009823455962
3144,0.248979775607814
3145,0.248949745139341
3146,0.248919732033788
3147,0.248889736274419
3148,0.248859757844524
3149,0.248829796727413
3150,0.248799852906419
3151,0.248769926364897
3152,0.248740017086226
3153,0.248710125053804
3154,0.248680250251054
3155,0.248650392661421
3156,0.24862055226837
3157,0.248590729055391
3158,0.248560923005992
3159,0.248531134103708
3160,0.248501362332092
3161,0.248471607674721
3162,0.248441870115192
3163,0.248412149637127
3164,0.248382446224166
3165,0.248352759859974
3166,0.248323090528237
3167,0.24829343821266
3168,0.248263802896974
3169,0.248234184564928
3170,0.248204583200294
3171,0.248174998786867
3172,0.248145431308461
3173,0.248115880748913
3174,0.248086347092081
3175,0.248056830321844
3176,0.248027330422104
3177,0.247997847376782
3178,0.247968381169822
3179,0.247938931785189
3180,0.247909499206869
3181,0.247880083418869
3182,0.247850684405217
3183,0.247821302149963
3184,0.247791936637177
3185,0.247762587850952
3186,0.247733255775399
3187,0.247703940394652
3188,0.247674641692866
3189,0.247645359654217
3190,0.2476160942629
3191,0.247586845503133
3192,0.247557613359154
3193,0.247528397815222
3194,0.247499198855616
3195,0.247470016464636
3196,0.247440850626604
3197,0.247411701325861
3198,0.247382568546769
3199,0.24735345227371
3200,0.247324352491088
3201,0.247295269183327
3202,0.247266202334871
3203,0.247237151930184
3204,0.247208117953751
3205,0.247179100390078
3206,0.24715009922369
3207,0.247121114439133
3208,0.247092146020974
3209,0.247063193953798
3210,0.247034258222213
3211,0.247005338810845
3212,0.246976435704341
3213,0.246947548887369
3214,0.246918678344614
3215,0.246889824060784
3216,0.246860986020606
3217,0.246832164208827
3218,0.246803358610214
3219,0.246774569209554
3220,0.246745795991653
3221,0.246717038941338
3222,0.246688298043454
3223,0.246659573282869
3224,0.246630864644467
3225,0.246602172113154
3226,0.246573495673855
3227,0.246544835311515
3228,0.246516191011098
3229,0.246487562757587
3230,0.246458950535986
3231,0.246430354331318
3232,0.246401774128626
3233,0.24637320991297
3234,0.246344661669432
3235,0.246316129383112
3236,0.24628761303913
3237,0.246259112622626
3238,0.246230628118757
3239,0.246202159512701
3240,0.246173706789655
3241,0.246145269934835
3242,0.246116848933476
3243,0.246088443770832
3244,0.246060054432177
3245,0.246031680902802
3246,0.246003323168019
3247,0.245974981213159
3248,0.24594665502357
3249,0.245918344584621
3250,0.245890049881699
3251,0.24586177090021
3252,0.245833507625578
3253,0.245805260043248
3254,0.24577702813868
3255,0.245748811897358
3256,0.245720611304779
3257,0.245692426346463
3258,0.245664257007946
3259,0.245636103274785
3260,0.245607965132553
3261,0.245579842566843
3262,0.245551735563268
3263,0.245523644107455
3264,0.245495568185054
3265,0.245467507781731
3266,0.245439462883171
3267,0.245411433475078
3268,0.245383419543174
3269,0.245355421073198
3270,0.245327438050909
3271,0.245299470462083
3272,0.245271518292516
3273,0.24524358152802
3274,0.245215660154426
3275,0.245187754157584
3276,0.245159863523362
3277,0.245131988237643
3278,0.245104128286333
3279,0.245076283655352
3280,0.24504845433064
3281,0.245020640298154
3282,0.24499284154387
3283,0.24496505805378
3284,0.244937289813897
3285,0.244909536810249
3286,0.244881799028882
3287,0.244854076455861
3288,0.244826369077268
3289,0.244798676879204
3290,0.244770999847786
3291,0.244743337969149
3292,0.244715691229446
3293,0.244688059614847
3294,0.244660443111542
3295,0.244632841705735
3296,0.24460525538365
3297,0.244577684131526
3298,0.244550127935624
3299,0.244522586782217
3300,0.244495060657599
3301,0.244467549548081
3302,0.244440053439989
3303,0.244412572319669
3304,0.244385106173483
3305,0.244357654987811
3306,0.24433021874905
3307,0.244302797443613
3308,0.244275391057932
3309,0.244247999578454
3310,0.244220622991646
3311,0.24419326128399
3312,0.244165914441986
3313,0.244138582452149
3314,0.244111265301015
3315,0.244083962975133
3316,0.244056675461071
3317,0.244029402745413
3318,0.244002144814762
3319,0.243974901655735
3320,0.243947673254968
3321,0.243920459599111
3322,0.243893260674836
3323,0.243866076468826
3324,0.243838906967784
3325,0.243811752158429
3326,0.243784612027497
3327,0.24375748656174
3328,0.243730375747927
3329,0.243703279572844
3330,0.243676198023293
3331,0.243649131086092
3332,0.243622078748077
3333,0.2435950409961
3334,0.243568017817028
3335,0.243541009197747
3336,0.243514015125158
3337,0.243487035586177
3338,0.24346007056774
3339,0.243433120056795
3340,0.24340618404031
3341,0.243379262505268
3342,0.243352355438667
3343,0.243325462827523
3344,0.243298584658868
3345,0.243271720919748
3346,0.243244871597228
3347,0.243218036678389
3348,0.243191216150325
3349,0.243164410000151
3350,0.243137618214992
3351,0.243110840781994
3352,0.243084077688317
3353,0.243057328921137
3354,0.243030594467648
3355,0.243003874315056
3356,0.242977168450585
3357,0.242950476861477
3358,0.242923799534986
3359,0.242897136458385
3360,0.242870487618961
3361,0.242843853004016
3362,0.24281723260087
3363,0.242790626396858
3364,0.24276403437933
3365,0.242737456535652
3366,0.242710892853206
3367,0.24268434331939
3368,0.242657807921615
3369,0.242631286647312
3370,0.242604779483923
3371,0.242578286418909
3372,0.242551807439745
3373,0.242525342533921
3374,0.242498891688943
3375,0.242472454892334
3376,0.24244603213163
3377,0.242419623394383
3378,0.24239322866816
3379,0.242366847940546
3380,0.242340481199138
3381,0.24231412843155
3382,0.242287789625412
3383,0.242261464768365
3384,0.242235153848072
3385,0.242208856852205
3386,0.242182573768455
3387,0.242156304584526
3388,0.242130049288138
3389,0.242103807867027
3390,0.242077580308943
3391,0.24205136660165
3392,0.24202516673293
3393,0.241998980690576
3394,0.2419728084624
3395,0.241946650036226
3396,0.241920505399895
3397,0.241894374541262
3398,0.241868257448196
3399,0.241842154108582
3400,0.24181606451032
3401,0.241789988641324
3402,0.241763926489524
3403,0.241737878042862
3404,0.241711843289299
3405,0.241685822216807
3406,0.241659814813375
3407,0.241633821067004
3408,0.241607840965714
3409,0.241581874497535
3410,0.241555921650514
3411,0.241529982412714
3412,0.241504056772209
3413,0.24147814471709
3414,0.241452246235461
3415,0.241426361315443
3416,0.241400489945169
3417,0.241374632112787
3418,0.241348787806461
3419,0.241322957014366
3420,0.241297139724695
3421,0.241271335925654
3422,0.241245545605462
3423,0.241219768752355
3424,0.241194005354581
3425,0.241168255400403
3426,0.241142518878098
3427,0.241116795775959
3428,0.24109108608229
3429,0.241065389785413
3430,0.24103970687366
3431,0.24101403733538
3432,0.240988381158936
3433,0.240962738332703
3434,0.240937108845073
3435,0.24091149268445
3436,0.240885889839253
3437,0.240860300297914
3438,0.24083472404888
3439,0.240809161080611
3440,0.240783611381583
3441,0.240758074940282
3442,0.240732551745212
3443,0.240707041784889
3444,0.240681545047843
3445,0.240656061522618
3446,0.240630591197772
3447,0.240605134061875
3448,0.240579690103514
3449,0.240554259311287
3450,0.240528841673807
3451,0.2405034371797
3452,0.240478045817608
3453,0.240452667576182
3454,0.240427302444092
3455,0.240401950410018
3456,0.240376611462654
3457,0.240351285590709
3458,0.240325972782905
3459,0.240300673027978
3460,0.240275386314675
3461,0.240250112631759
3462,0.240224851968007
3463,0.240199604312208
3464,0.240174369653163
3465,0.24014914797969
3466,0.240123939280619
3467,0.240098743544791
3468,0.240073560761063
3469,0.240048390918306
3470,0.240023234005401
3471,0.239998090011245
3472,0.239972958924748
3473,0.239947840734832
3474,0.239922735430434
3475,0.239897643000502
3476,0.239872563433999
3477,0.2398474967199
3478,0.239822442847195
3479,0.239797401804884
3480,0.239772373581984
3481,0.239747358167522
3482,0.239722355550539
3483,0.239697365720089
3484,0.23967238866524
3485,0.239647424375071
3486,0.239622472838677
3487,0.239597534045163
3488,0.239572607983648
3489,0.239547694643264
3490,0.239522794013157
3491,0.239497906082484
3492,0.239473030840416
3493,0.239448168276137
3494,0.239423318378843
3495,0.239398481137743
3496,0.239373656542059
3497,0.239348844581027
3498,0.239324045243893
3499,0.239299258519918
3500,0.239274484398376
3501,0.239249722868551
3502,0.239224973919743
3503,0.239200237541262
3504,0.239175513722433
3505,0.23915080245259
3506,0.239126103721084
3507,0.239101417517277
3508,0.239076743830541
3509,0.239052082650264
3510,0.239027433965844
3511,0.239002797766695
3512,0.238978174042239
3513,0.238953562781913
3514,0.238928963975168
3515,0.238904377611463
3516,0.238879803680273
3517,0.238855242171084
3518,0.238830693073396
3519,0.238806156376718
3520,0.238781632070576
3521,0.238757120144503
3522,0.238732620588049
3523,0.238708133390774
3524,0.23868365854225
3525,0.238659196032062
3526,0.238634745849807
3527,0.238610307985095
3528,0.238585882427547
3529,0.238561469166797
3530,0.23853706819249
3531,0.238512679494284
3532,0.23848830306185
3533,0.238463938884869
3534,0.238439586953037
3535,0.238415247256058
3536,0.238390919783653
3537,0.23836660452555
3538,0.238342301471493
3539,0.238318010611235
3540,0.238293731934544
3541,0.238269465431197
3542,0.238245211090985
3543,0.238220968903709
3544,0.238196738859185
3545,0.238172520947238
3546,0.238148315157706
3547,0.238124121480438
3548,0.238099939905297
3549,0.238075770422155
3550,0.238051613020898
3551,0.238027467691422
3552,0.238003334423637
3553,0.237979213207462
3554,0.237955104032831
3555,0.237931006889686
3556,0.237906921767983
3557,0.23788284865769
3558,0.237858787548786
3559,0.23783473843126
3560,0.237810701295116
3561,0.237786676130366
3562,0.237762662927037
3563,0.237738661675166
3564,0.2377146723648
3565,0.237690694986
3566,0.237666729528837
3567,0.237642775983394
3568,0.237618834339767
3569,0.237594904588061
3570,0.237570986718392
3571,0.237547080720891
3572,0.237523186585698
3573,0.237499304302964
3574,0.237475433862853
3575,0.237451575255538
3576,0.237427728471206
3577,0.237403893500054
3578,0.237380070332291
3579,0.237356258958135
3580,0.237332459367819
3581,0.237308671551584
3582,0.237284895499684
3583,0.237261131202384
3584,0.23723737864996
3585,0.237213637832699
3586,0.2371899087409
3587,0.237166191364872
3588,0.237142485694935
3589,0.237118791721423
3590,0.237095109434677
3591,0.237071438825052
3592,0.237047779882912
3593,0.237024132598635
3594,0.237000496962608
3595,0.236976872965228
3596,0.236953260596906
3597,0.236929659848061
3598,0.236906070709125
3599,0.236882493170541
3600,0.236858927222761
3601,0.23683537285625
3602,0.236811830061482
3603,0.236788298828945
3604,0.236764779149135
3605,0.236741271012559
3606,0.236717774409737
3607,0.236694289331198
3608,0.236670815767482
3609,0.23664735370914
3610,0.236623903146736
3611,0.23660046407084
3612,0.236577036472037
3613,0.236553620340921
3614,0.236530215668098
3615,0.236506822444182
3616,0.2364834406598
3617,0.236460070305589
3618,0.236436711372198
3619,0.236413363850284
3620,0.236390027730517
3621,0.236366703003576
3622,0.236343389660152
3623,0.236320087690945
3624,0.236296797086668
3625,0.236273517838041
3626,0.236250249935799
3627,0.236226993370683
3628,0.236203748133447
3629,0.236180514214857
3630,0.236157291605685
3631,0.236134080296718
3632,0.236110880278751
3633,0.236087691542591
3634,0.236064514079052
3635,0.236041347878963
3636,0.236018192933161
3637,0.235995049232493
3638,0.235971916767816
3639,0.235948795530001
3640,0.235925685509925
3641,0.235902586698477
3642,0.235879499086556
3643,0.235856422665073
3644,0.235833357424947
3645,0.235810303357108
3646,0.235787260452496
3647,0.235764228702063
3648,0.235741208096768
3649,0.235718198627584
3650,0.235695200285491
3651,0.235672213061481
3652,0.235649236946555
3653,0.235626271931725
3654,0.235603318008013
3655,0.23558037516645
3656,0.235557443398079
3657,0.235534522693952
3658,0.235511613045132
3659,0.235488714442689
3660,0.235465826877707
3661,0.235442950341279
3662,0.235420084824505
3663,0.235397230318499
3664,0.235374386814385
3665,0.235351554303291
3666,0.235328732776362
3667,0.23530592222475
3668,0.235283122639616
3669,0.235260334012133
3670,0.235237556333484
3671,0.235214789594858
3672,0.235192033787459
3673,0.235169288902498
3674,0.235146554931196
3675,0.235123831864784
3676,0.235101119694504
3677,0.235078418411606
3678,0.235055728007351
3679,0.235033048473009
3680,0.23501037979986
3681,0.234987721979195
3682,0.234965075002312
3683,0.234942438860522
3684,0.234919813545143
3685,0.234897199047503
3686,0.234874595358942
3687,0.234852002470808
3688,0.234829420374457
3689,0.234806849061257
3690,0.234784288522586
3691,0.23476173874983
3692,0.234739199734385
3693,0.234716671467656
3694,0.234694153941059
3695,0.23467164714602
3696,0.234649151073971
3697,0.234626665716358
3698,0.234604191064633
3699,0.23458172711026
3700,0.23455927384471
3701,0.234536831259466
3702,0.234514399346019
3703,0.234491978095869
3704,0.234469567500528
3705,0.234447167551514
3706,0.234424778240357
3707,0.234402399558595
3708,0.234380031497775
3709,0.234357674049455
3710,0.234335327205202
3711,0.234312990956591
3712,0.234290665295207
3713,0.234268350212644
3714,0.234246045700507
3715,0.234223751750409
3716,0.234201468353972
3717,0.234179195502827
3718,0.234156933188615
3719,0.234134681402986
3720,0.2341124401376
3721,0.234090209384125
3722,0.234067989134238
3723,0.234045779379627
3724,0.234023580111987
3725,0.234001391323023
3726,0.233979213004451
3727,0.233957045147993
3728,0.233934887745381
3729,0.233912740788358
3730,0.233890604268674
3731,0.23386847817809
3732,0.233846362508372
3733,0.233824257251301
3734,0.233802162398662
3735,0.233780077942252
3736,0.233758003873876
3737,0.233735940185347
3738,0.233713886868489
3739,0.233691843915133
3740,0.233669811317121
3741,0.233647789066302
3742,0.233625777154536
3743,0.233603775573689
3744,0.233581784315638
3745,0.23355980337227
3746,0.233537832735478
3747,0.233515872397166
3748,0.233493922349245
3749,0.233471982583638
3750,0.233450053092273
3751,0.233428133867089
3752,0.233406224900035
3753,0.233384326183065
3754,0.233362437708146
3755,0.233340559467251
3756,0.233318691452363
3757,0.233296833655472
3758,0.23327498606858
3759,0.233253148683694
3760,0.233231321492833
3761,0.233209504488023
3762,0.233187697661298
3763,0.233165901004703
3764,0.233144114510289
3765,0.233122338170118
3766,0.233100571976258
3767,0.233078815920789
3768,0.233057069995797
3769,0.233035334193377
3770,0.233013608505634
3771,0.23299189292468
3772,0.232970187442636
3773,0.232948492051632
3774,0.232926806743806
3775,0.232905131511305
3776,0.232883466346285
3777,0.232861811240909
3778,0.232840166187349
3779,0.232818531177787
3780,0.232796906204412
3781,0.232775291259421
3782,0.23275368633502
3783,0.232732091423425
3784,0.232710506516858
3785,0.232688931607551
3786,0.232667366687744
3787,0.232645811749685
3788,0.232624266785631
3789,0.232602731787846
3790,0.232581206748605
3791,0.232559691660189
3792,0.232538186514888
3793,0.232516691305
3794,0.232495206022832
3795,0.2324737306607
3796,0.232452265210926
3797,0.232430809665843
3798,0.232409364017789
3799,0.232387928259114
3800,0.232366502382173
3801,0.232345086379331
3802,0.232323680242961
3803,0.232302283965444
3804,0.23228089753917
3805,0.232259520956534
3806,0.232238154209944
3807,0.232216797291813
3808,0.232195450194563
3809,0.232174112910623
3810,0.232152785432433
3811,0.232131467752437
3812,0.232110159863092
3813,0.232088861756859
3814,0.232067573426208
3815,0.23204629486362
3816,0.232025026061579
3817,0.232003767012581
3818,0.23198251770913
3819,0.231961278143735
3820,0.231940048308915
3821,0.231918828197198
3822,0.231897617801118
3823,0.231876417113219
3824,0.23185522612605
3825,0.231834044832172
3826,0.23181287322415
3827,0.23179171129456
3828,0.231770559035983
3829,0.231749416441011
3830,0.231728283502242
3831,0.231707160212283
3832,0.231686046563747
3833,0.231664942549258
3834,0.231643848161444
3835,0.231622763392944
3836,0.231601688236403
3837,0.231580622684475
3838,0.231559566729822
3839,0.231538520365112
3840,0.231517483583023
3841,0.23149645637624
3842,0.231475438737454
3843,0.231454430659366
3844,0.231433432134685
3845,0.231412443156127
3846,0.231391463716414
3847,0.231370493808278
3848,0.231349533424459
3849,0.231328582557703
3850,0.231307641200764
3851,0.231286709346404
3852,0.231265786987394
3853,0.231244874116511
3854,0.231223970726541
3855,0.231203076810275
3856,0.231182192360514
3857,0.231161317370066
3858,0.231140451831748
3859,0.231119595738382
3860,0.231098749082799
3861,0.231077911857838
3862,0.231057084056344
3863,0.231036265671172
3864,0.231015456695182
3865,0.230994657121243
3866,0.230973866942231
3867,0.23095308615103
3868,0.230932314740532
3869,0.230911552703634
3870,0.230890800033244
3871,0.230870056722275
3872,0.230849322763648
3873,0.230828598150292
3874,0.230807882875143
3875,0.230787176931145
3876,0.230766480311248
3877,0.230745793008411
3878,0.2307251150156
3879,0.230704446325788
3880,0.230683786931956
3881,0.230663136827091
3882,0.23064249600419
3883,0.230621864456254
3884,0.230601242176294
3885,0.230580629157328
3886,0.230560025392379
3887,0.230539430874481
3888,0.230518845596672
3889,0.230498269552
3890,0.230477702733518
3891,0.230457145134288
3892,0.230436596747377
3893,0.230416057565863
3894,0.230395527582828
3895,0.230375006791362
3896,0.230354495184563
3897,0.230333992755536
3898,0.230313499497392
3899,0.230293015403251
3900,0.23027254046624
3901,0.230252074679492
3902,0.230231618036147
3903,0.230211170529353
3904,0.230190732152267
3905,0.230170302898049
3906,0.23014988275987
3907,0.230129471730905
3908,0.230109069804339
3909,0.230088676973362
3910,0.230068293231172
3911,0.230047918570974
3912,0.23002755298598
3913,0.230007196469409
3914,0.229986849014487
3915,0.229966510614447
3916,0.22994618126253
3917,0.229925860951982
3918,0.229905549676059
3919,0.229885247428022
3920,0.229864954201138
3921,0.229844669988683
3922,0.229824394783939
3923,0.229804128580197
3924,0.229783871370751
3925,0.229763623148905
3926,0.22974338390797
3927,0.229723153641262
3928,0.229702932342106
3929,0.229682720003832
3930,0.229662516619779
3931,0.22964232218329
3932,0.229622136687719
3933,0.229601960126423
3934,0.229581792492767
3935,0.229561633780125
3936,0.229541483981875
3937,0.229521343091403
3938,0.229501211102103
3939,0.229481088007373
3940,0.229460973800621
3941,0.229440868475259
3942,0.229420772024708
3943,0.229400684442395
3944,0.229380605721754
3945,0.229360535856224
3946,0.229340474839254
3947,0.229320422664297
3948,0.229300379324814
3949,0.229280344814273
3950,0.229260319126147
3951,0.229240302253919
3952,0.229220294191075
3953,0.229200294931109
3954,0.229180304467524
3955,0.229160322793827
3956,0.229140349903531
3957,0.229120385790159
3958,0.229100430447239
3959,0.229080483868304
3960,0.229060546046896
3961,0.229040616976562
3962,0.229020696650857
3963,0.229000785063342
3964,0.228980882207584
3965,0.228960988077158
3966,0.228941102665645
3967,0.228921225966631
3968,0.228901357973711
3969,0.228881498680485
3970,0.228861648080561
3971,0.228841806167551
3972,0.228821972935077
3973,0.228802148376764
3974,0.228782332486246
3975,0.228762525257164
3976,0.228742726683162
3977,0.228722936757894
3978,0.228703155475019
3979,0.228683382828203
3980,0.228663618811117
3981,0.228643863417442
3982,0.22862411664086
3983,0.228604378475066
3984,0.228584648913755
3985,0.228564927950633
3986,0.22854521557941
3987,0.228525511793805
3988,0.228505816587539
3989,0.228486129954344
3990,0.228466451887956
3991,0.228446782382118
3992,0.228427121430579
3993,0.228407469027095
3994,0.228387825165426
3995,0.228368189839343
3996,0.228348563042619
3997,0.228328944769036
3998,0.22830933501238
3999,0.228289733766445
4000,0.228270141025031
4001,0.228250556781945
4002,0.228230981030998
4003,0.22821141376601
4004,0.228191854980805
4005,0.228172304669215
4006,0.228152762825078
4007,0.228133229442237
4008,0.228113704514542
4009,0.228094188035849
4010,0.228074680000022
4011,0.228055180400928
4012,0.228035689232443
4013,0.228016206488448
4014,0.227996732162829
4015,0.227977266249482
4016,0.227957808742305
4017,0.227938359635204
4018,0.227918918922091
4019,0.227899486596884
4020,0.227880062653509
4021,0.227860647085894
4022,0.227841239887977
4023,0.2278218410537
4024,0.227802450577013
4025,0.227783068451869
4026,0.227763694672231
4027,0.227744329232065
4028,0.227724972125344
4029,0.227705623346048
4030,0.227686282888162
4031,0.227666950745678
4032,0.227647626912592
4033,0.227628311382909
4034,0.227609004150637
4035,0.227589705209792
4036,0.227570414554397
4037,0.227551132178478
4038,0.227531858076069
4039,0.227512592241209
4040,0.227493334667945
4041,0.227474085350327
4042,0.227454844282413
4043,0.227435611458267
4044,0.227416386871958
4045,0.227397170517562
4046,0.227377962389159
4047,0.227358762480838
4048,0.22733957078669
4049,0.227320387300816
4050,0.22730121201732
4051,0.227282044930314
4052,0.227262886033913
4053,0.227243735322242
4054,0.227224592789427
4055,0.227205458429604
4056,0.227186332236914
4057,0.227167214205502
4058,0.22714810432952
4059,0.227129002603126
4060,0.227109909020485
4061,0.227090823575765
4062,0.227071746263141
4063,0.227052677076796
4064,0.227033616010916
4065,0.227014563059694
4066,0.226995518217327
4067,0.226976481478022
4068,0.226957452835988
4069,0.22693843228544
4070,0.226919419820601
4071,0.226900415435698
4072,0.226881419124964
4073,0.226862430882638
4074,0.226843450702964
4075,0.226824478580194
4076,0.226805514508583
4077,0.226786558482392
4078,0.22676761049589
4079,0.22674867054335
4080,0.22672973861905
4081,0.226710814717276
4082,0.226691898832316
4083,0.226672990958468
4084,0.226654091090033
4085,0.226635199221318
4086,0.226616315346636
4087,0.226597439460305
4088,0.22657857155665
4089,0.22655971163
4090,0.226540859674691
4091,0.226522015685064
4092,0.226503179655465
4093,0.226484351580247
4094,0.226465531453767
4095,0.226446719270389
4096,0.226427915024482
4097,0.22640911871042
4098,0.226390330322584
4099,0.226371549855358
4100,0.226352777303134
4101,0.226334012660309
4102,0.226315255921286
4103,0.226296507080471
4104,0.226277766132278
4105,0.226259033071126
4106,0.22624030789144
4107,0.226221590587648
4108,0.226202881154187
4109,0.226184179585497
4110,0.226165485876025
4111,0.226146800020222
4112,0.226128122012545
4113,0.226109451847457
4114,0.226090789519426
4115,0.226072135022926
4116,0.226053488352435
4117,0.226034849502439
4118,0.226016218467426
4119,0.225997595241892
4120,0.225978979820339
4121,0.225960372197271
4122,0.2259417723672
4123,0.225923180324644
4124,0.225904596064123
4125,0.225886019580167
4126,0.225867450867308
4127,0.225848889920084
4128,0.225830336733039
4129,0.225811791300721
4130,0.225793253617686
4131,0.225774723678493
4132,0.225756201477708
4133,0.225737687009899
4134,0.225719180269644
4135,0.225700681251522
4136,0.225682189950121
4137,0.225663706360032
4138,0.225645230475851
4139,0.225626762292181
4140,0.22560830180363
4141,0.22558984900481
4142,0.225571403890338
4143,0.225552966454839
4144,0.22553453669294
4145,0.225516114599275
4146,0.225497700168483
4147,0.225479293395209
4148,0.225460894274102
4149,0.225442502799815
4150,0.22542411896701
4151,0.225405742770351
4152,0.225387374204508
4153,0.225369013264156
4154,0.225350659943977
4155,0.225332314238656
4156,0.225313976142883
4157,0.225295645651356
4158,0.225277322758775
4159,0.225259007459846
4160,0.225240699749281
4161,0.225222399621797
4162,0.225204107072116
4163,0.225185822094964
4164,0.225167544685073
4165,0.225149274837181
4166,0.22513101254603
4167,0.225112757806368
4168,0.225094510612946
4169,0.225076270960522
4170,0.22505803884386
4171,0.225039814257726
4172,0.225021597196893
4173,0.22500338765614
4174,0.224985185630248
4175,0.224966991114007
4176,0.224948804102208
4177,0.224930624589651
4178,0.224912452571138
4179,0.224894288041477
4180,0.224876130995481
4181,0.224857981427968
4182,0.224839839333762
4183,0.22482170470769
4184,0.224803577544586
4185,0.224785457839288
4186,0.224767345586638
4187,0.224749240781485
4188,0.224731143418682
4189,0.224713053493087
4190,0.224694970999563
4191,0.224676895932977
4192,0.224658828288203
4193,0.224640768060117
4194,0.224622715243604
4195,0.22460466983355
4196,0.224586631824849
4197,0.224568601212396
4198,0.224550577991096
4199,0.224532562155855
4200,0.224514553701585
4201,0.224496552623204
4202,0.224478558915632
4203,0.224460572573798
4204,0.224442593592633
4205,0.224424621967073
4206,0.22440665769206
4207,0.224388700762539
4208,0.224370751173463
4209,0.224352808919787
4210,0.224334873996472
4211,0.224316946398483
4212,0.224299026120792
4213,0.224281113158372
4214,0.224263207506205
4215,0.224245309159275
4216,0.224227418112572
4217,0.22420953436109
4218,0.224191657899828
4219,0.224173788723791
4220,0.224155926827988
4221,0.224138072207432
4222,0.224120224857141
4223,0.224102384772139
4224,0.224084551947453
4225,0.224066726378116
4226,0.224048908059165
4227,0.224031096985643
4228,0.224013293152596
4229,0.223995496555076
4230,0.22397770718814
4231,0.223959925046847
4232,0.223942150126265
4233,0.223924382421462
4234,0.223906621927515
4235,0.223888868639503
4236,0.22387112255251
4237,0.223853383661627
4238,0.223835651961945
4239,0.223817927448565
4240,0.223800210116589
4241,0.223782499961125
4242,0.223764796977286
4243,0.223747101160188
4244,0.223729412504953
4245,0.223711731006708
4246,0.223694056660584
4247,0.223676389461716
4248,0.223658729405244
4249,0.223641076486314
4250,0.223623430700075
4251,0.22360579204168
4252,0.22358816050629
4253,0.223570536089065
4254,0.223552918785176
4255,0.223535308589793
4256,0.223517705498095
4257,0.223500109505262
4258,0.22348252060648
4259,0.223464938796941
4260,0.22344736407184
4261,0.223429796426375
4262,0.223412235855752
4263,0.223394682355179
4264,0.22337713591987
4265,0.223359596545043
4266,0.223342064225919
4267,0.223324538957727
4268,0.223307020735696
4269,0.223289509555064
4270,0.22327200541107
4271,0.22325450829896
4272,0.223237018213982
4273,0.223219535151391
4274,0.223202059106445
4275,0.223184590074407
4276,0.223167128050544
4277,0.223149673030127
4278,0.223132225008434
4279,0.223114783980744
4280,0.223097349942342
4281,0.223079922888519
4282,0.223062502814567
4283,0.223045089715786
4284,0.223027683587478
4285,0.22301028442495
4286,0.222992892223514
4287,0.222975506978486
4288,0.222958128685186
4289,0.22294075733894
4290,0.222923392935075
4291,0.222906035468926
4292,0.222888684935831
4293,0.222871341331132
4294,0.222854004650175
4295,0.222836674888312
4296,0.222819352040898
4297,0.222802036103293
4298,0.222784727070861
4299,0.22276742493897
4300,0.222750129702993
4301,0.222732841358308
4302,0.222715559900295
4303,0.22269828532434
4304,0.222681017625834
4305,0.22266375680017
4306,0.222646502842748
4307,0.22262925574897
4308,0.222612015514244
4309,0.222594782133981
4310,0.222577555603597
4311,0.222560335918512
4312,0.222543123074151
4313,0.222525917065942
4314,0.222508717889318
4315,0.222491525539716
4316,0.222474340012578
4317,0.22245716130335
4318,0.22243998940748
4319,0.222422824320425
4320,0.222405666037641
4321,0.222388514554591
4322,0.222371369866743
4323,0.222354231969567
4324,0.222337100858539
4325,0.222319976529138
4326,0.222302858976847
4327,0.222285748197156
4328,0.222268644185555
4329,0.222251546937542
4330,0.222234456448615
4331,0.222217372714281
4332,0.222200295730048
4333,0.222183225491429
4334,0.222166161993941
4335,0.222149105233105
4336,0.222132055204446
4337,0.222115011903495
4338,0.222097975325786
4339,0.222080945466855
4340,0.222063922322245
4341,0.222046905887502
4342,0.222029896158176
4343,0.222012893129822
4344,0.221995896797999
4345,0.221978907158268
4346,0.221961924206196
4347,0.221944947937355
4348,0.221927978347319
4349,0.221911015431668
4350,0.221894059185983
4351,0.221877109605853
4352,0.221860166686869
4353,0.221843230424625
4354,0.221826300814722
4355,0.221809377852762
4356,0.221792461534354
4357,0.221775551855108
4358,0.221758648810641
4359,0.221741752396571
4360,0.221724862608524
4361,0.221707979442125
4362,0.221691102893007
4363,0.221674232956806
4364,0.221657369629162
4365,0.221640512905718
4366,0.221623662782121
4367,0.221606819254025
4368,0.221589982317084
4369,0.221573151966958
4370,0.221556328199312
4371,0.221539511009812
4372,0.221522700394131
4373,0.221505896347944
4374,0.221489098866931
4375,0.221472307946776
4376,0.221455523583166
4377,0.221438745771792
4378,0.221421974508351
4379,0.221405209788541
4380,0.221388451608067
4381,0.221371699962635
4382,0.221354954847957
4383,0.221338216259748
4384,0.221321484193726
4385,0.221304758645616
4386,0.221288039611144
4387,0.22127132708604
4388,0.221254621066041
4389,0.221237921546884
4390,0.221221228524311
4391,0.22120454199407
4392,0.221187861951911
4393,0.221171188393588
4394,0.221154521314859
4395,0.221137860711486
4396,0.221121206579235
4397,0.221104558913875
4398,0.221087917711181
4399,0.22107128296693
4400,0.221054654676902
4401,0.221038032836884
4402,0.221021417442664
4403,0.221004808490035
4404,0.220988205974793
4405,0.220971609892739
4406,0.220955020239678
4407,0.220938437011417
4408,0.220921860203769
4409,0.220905289812549
4410,0.220888725833577
4411,0.220872168262676
4412,0.220855617095673
4413,0.220839072328399
4414,0.22082253395669
4415,0.220806001976382
4416,0.22078947638332
4417,0.220772957173349
4418,0.220756444342318
4419,0.220739937886082
4420,0.220723437800497
4421,0.220706944081426
4422,0.220690456724732
4423,0.220673975726285
4424,0.220657501081956
4425,0.220641032787623
4426,0.220624570839164
4427,0.220608115232464
4428,0.22059166596341
4429,0.220575223027893
4430,0.220558786421807
4431,0.220542356141051
4432,0.220525932181528
4433,0.220509514539142
4434,0.220493103209805
4435,0.220476698189429
4436,0.220460299473931
4437,0.220443907059231
4438,0.220427520941255
4439,0.22041114111593
4440,0.220394767579188
4441,0.220378400326965
4442,0.220362039355199
4443,0.220345684659833
4444,0.220329336236814
4445,0.220312994082091
4446,0.220296658191619
4447,0.220280328561354
4448,0.220264005187258
4449,0.220247688065295
4450,0.220231377191434
4451,0.220215072561646
4452,0.220198774171907
4453,0.220182482018197
4454,0.220166196096497
4455,0.220149916402794
4456,0.220133642933079
4457,0.220117375683344
4458,0.220101114649587
4459,0.220084859827809
4460,0.220068611214014
4461,0.220052368804211
4462,0.22003613259441
4463,0.220019902580626
4464,0.22000367875888
4465,0.219987461125191
4466,0.219971249675588
4467,0.219955044406098
4468,0.219938845312756
4469,0.219922652391597
4470,0.219906465638661
4471,0.219890285049993
4472,0.219874110621639
4473,0.21985794234965
4474,0.21984178023008
4475,0.219825624258987
4476,0.219809474432433
4477,0.219793330746482
4478,0.219777193197202
4479,0.219761061780666
4480,0.219744936492948
4481,0.219728817330128
4482,0.219712704288288
4483,0.219696597363514
4484,0.219680496551895
4485,0.219664401849524
4486,0.219648313252498
4487,0.219632230756916
4488,0.219616154358881
4489,0.219600084054501
4490,0.219584019839885
4491,0.219567961711148
4492,0.219551909664406
4493,0.21953586369578
4494,0.219519823801395
4495,0.219503789977377
4496,0.219487762219858
4497,0.219471740524972
4498,0.219455724888858
4499,0.219439715307655
4500,0.21942371177751
4501,0.219407714294571
4502,0.219391722854988
4503,0.219375737454917
4504,0.219359758090517
4505,0.219343784757949
4506,0.219327817453379
4507,0.219311856172974
4508,0.219295900912908
4509,0.219279951669356
4510,0.219264008438496
4511,0.219248071216511
4512,0.219232139999586
4513,0.219216214783911
4514,0.219200295565677
4515,0.219184382341081
4516,0.219168475106322
4517,0.219152573857602
4518,0.219136678591126
4519,0.219120789303106
4520,0.219104905989751
4521,0.21908902864728
4522,0.219073157271911
4523,0.219057291859866
4524,0.219041432407372
4525,0.219025578910657
4526,0.219009731365955
4527,0.218993889769502
4528,0.218978054117536
4529,0.2189622244063
4530,0.21894640063204
4531,0.218930582791006
4532,0.21891477087945
4533,0.218898964893627
4534,0.218883164829797
4535,0.218867370684223
4536,0.218851582453169
4537,0.218835800132906
4538,0.218820023719705
4539,0.218804253209841
4540,0.218788488599595
4541,0.218772729885247
4542,0.218756977063084
4543,0.218741230129394
4544,0.218725489080468
4545,0.218709753912603
4546,0.218694024622097
4547,0.218678301205251
4548,0.21866258365837
4549,0.218646871977763
4550,0.21863116615974
4551,0.218615466200618
4552,0.218599772096713
4553,0.218584083844346
4554,0.218568401439843
4555,0.218552724879531
4556,0.218537054159741
4557,0.218521389276806
4558,0.218505730227064
4559,0.218490077006855
4560,0.218474429612524
4561,0.218458788040416
4562,0.218443152286883
4563,0.218427522348277
4564,0.218411898220955
4565,0.218396279901276
4566,0.218380667385604
4567,0.218365060670304
4568,0.218349459751746
4569,0.218333864626302
4570,0.218318275290347
4571,0.218302691740261
4572,0.218287113972424
4573,0.218271541983223
4574,0.218255975769045
4575,0.218240415326282
4576,0.218224860651328
4577,0.218209311740581
4578,0.218193768590442
4579,0.218178231197314
4580,0.218162699557605
4581,0.218147173667725
4582,0.218131653524087
4583,0.218116139123108
4584,0.218100630461207
4585,0.218085127534806
4586,0.218069630340333
4587,0.218054138874215
4588,0.218038653132885
4589,0.218023173112777
4590,0.21800769881033
4591,0.217992230221986
4592,0.217976767344189
4593,0.217961310173385
4594,0.217945858706027
4595,0.217930412938567
4596,0.217914972867462
4597,0.217899538489172
4598,0.217884109800161
4599,0.217868686796893
4600,0.217853269475839
4601,0.217837857833469
4602,0.21782245186626
4603,0.217807051570689
4604,0.217791656943238
4605,0.217776267980392
4606,0.217760884678636
4607,0.217745507034463
4608,0.217730135044365
4609,0.217714768704839
4610,0.217699408012384
4611,0.217684052963503
4612,0.217668703554702
4613,0.217653359782489
4614,0.217638021643375
4615,0.217622689133875
4616,0.217607362250508
4617,0.217592040989793
4618,0.217576725348255
4619,0.217561415322419
4620,0.217546110908816
4621,0.217530812103979
4622,0.217515518904442
4623,0.217500231306745
4624,0.217484949307428
4625,0.217469672903038
4626,0.217454402090121
4627,0.217439136865228
4628,0.217423877224912
4629,0.217408623165731
4630,0.217393374684242
4631,0.21737813177701
4632,0.217362894440598
4633,0.217347662671577
4634,0.217332436466516
4635,0.21731721582199
4636,0.217302000734577
4637,0.217286791200855
4638,0.21727158721741
4639,0.217256388780826
4640,0.217241195887693
4641,0.217226008534601
4642,0.217210826718148
4643,0.217195650434928
4644,0.217180479681545
4645,0.217165314454601
4646,0.217150154750702
4647,0.217135000566458
4648,0.217119851898481
4649,0.217104708743387
4650,0.217089571097794
4651,0.217074438958322
4652,0.217059312321596
4653,0.217044191184242
4654,0.21702907554289
4655,0.217013965394172
4656,0.216998860734725
4657,0.216983761561185
4658,0.216968667870196
4659,0.216953579658399
4660,0.216938496922444
4661,0.216923419658978
4662,0.216908347864656
4663,0.216893281536133
4664,0.216878220670066
4665,0.216863165263117
4666,0.216848115311951
4667,0.216833070813234
4668,0.216818031763636
4669,0.216802998159829
4670,0.21678796999849
4671,0.216772947276296
4672,0.216757929989929
4673,0.216742918136072
4674,0.216727911711413
4675,0.216712910712641
4676,0.216697915136448
4677,0.216682924979529
4678,0.216667940238583
4679,0.216652960910311
4680,0.216637986991416
4681,0.216623018478605
4682,0.216608055368587
4683,0.216593097658074
4684,0.216578145343781
4685,0.216563198422426
4686,0.216548256890729
4687,0.216533320745413
4688,0.216518389983205
4689,0.216503464600833
4690,0.216488544595029
4691,0.216473629962527
4692,0.216458720700065
4693,0.216443816804381
4694,0.21642891827222
4695,0.216414025100326
4696,0.216399137285448
4697,0.216384254824336
4698,0.216369377713744
4699,0.216354505950429
4700,0.216946739076849
4701,0.21693333295636
4702,0.216919931427184
4703,0.21690653448665
4704,0.216893142132086
4705,0.216879754360823
4706,0.216866371170196
4707,0.216852992557541
4708,0.216839618520194
4709,0.216826249055497
4710,0.216812884160792
4711,0.216799523833424
4712,0.216786168070738
4713,0.216772816870085
4714,0.216759470228815
4715,0.21674612814428
4716,0.216732790613838
4717,0.216719457634844
4718,0.216706129204659
4719,0.216692805320644
4720,0.216679485980164
4721,0.216666171180584
4722,0.216652860919274
4723,0.216639555193601
4724,0.21662625400094
4725,0.216612957338665
4726,0.216599665204153
4727,0.216586377594783
4728,0.216573094507935
4729,0.216559815940993
4730,0.216546541891342
4731,0.21653327235637
4732,0.216520007333466
4733,0.216506746820021
4734,0.21649349081343
4735,0.216480239311088
4736,0.216466992310393
4737,0.216453749808745
4738,0.216440511803547
4739,0.216427278292202
4740,0.216414049272117
4741,0.216400824740701
4742,0.216387604695363
4743,0.216374389133518
4744,0.216361178052579
4745,0.216347971449963
4746,0.216334769323089
4747,0.216321571669379
4748,0.216308378486255
4749,0.216295189771142
4750,0.216282005521469
4751,0.216268825734663
4752,0.216255650408157
4753,0.216242479539384
4754,0.21622931312578
4755,0.216216151164782
4756,0.21620299365383
4757,0.216189840590366
4758,0.216176691971833
4759,0.216163547795677
4760,0.216150408059347
4761,0.216137272760293
4762,0.216124141895965
4763,0.216111015463819
4764,0.216097893461312
4765,0.216084775885899
4766,0.216071662735043
4767,0.216058554006205
4768,0.21604544969685
4769,0.216032349804445
4770,0.216019254326456
4771,0.216006163260356
4772,0.215993076603616
4773,0.215979994353711
4774,0.215966916508117
4775,0.215953843064314
4776,0.215940774019781
4777,0.215927709372001
4778,0.21591464911846
4779,0.215901593256643
4780,0.215888541784039
4781,0.215875494698138
4782,0.215862451996435
4783,0.215849413676422
4784,0.215836379735598
4785,0.21582335017146
4786,0.21581032498151
4787,0.21579730416325
4788,0.215784287714184
4789,0.21577127563182
4790,0.215758267913666
4791,0.215745264557234
4792,0.215732265560034
4793,0.215719270919584
4794,0.215706280633398
4795,0.215693294698995
4796,0.215680313113898
4797,0.215667335875627
4798,0.215654362981707
4799,0.215641394429666
4800,0.215628430217031
4801,0.215615470341333
4802,0.215602514800105
4803,0.215589563590881
4804,0.215576616711198
4805,0.215563674158594
4806,0.215550735930609
4807,0.215537802024785
4808,0.215524872438668
4809,0.215511947169803
4810,0.215499026215737
4811,0.215486109574023
4812,0.215473197242211
4813,0.215460289217856
4814,0.215447385498513
4815,0.215434486081741
4816,0.215421590965099
4817,0.21540870014615
4818,0.215395813622456
4819,0.215382931391584
4820,0.215370053451102
4821,0.215357179798579
4822,0.215344310431586
4823,0.215331445347696
4824,0.215318584544486
4825,0.215305728019533
4826,0.215292875770415
4827,0.215280027794714
4828,0.215267184090012
4829,0.215254344653896
4830,0.215241509483951
4831,0.215228678577767
4832,0.215215851932933
4833,0.215203029547044
4834,0.215190211417693
4835,0.215177397542476
4836,0.215164587918992
4837,0.215151782544842
4838,0.215138981417627
4839,0.215126184534952
4840,0.215113391894421
4841,0.215100603493644
4842,0.21508781933023
4843,0.21507503940179
4844,0.215062263705938
4845,0.215049492240289
4846,0.215036725002461
4847,0.215023961990073
4848,0.215011203200746
4849,0.214998448632101
4850,0.214985698281766
4851,0.214972952147365
4852,0.214960210226528
4853,0.214947472516885
4854,0.214934739016068
4855,0.214922009721711
4856,0.214909284631451
4857,0.214896563742925
4858,0.214883847053773
4859,0.214871134561636
4860,0.214858426264158
4861,0.214845722158985
4862,0.214833022243763
4863,0.214820326516141
4864,0.214807634973771
4865,0.214794947614305
4866,0.214782264435397
4867,0.214769585434704
4868,0.214756910609884
4869,0.214744239958597
4870,0.214731573478506
4871,0.214718911167273
4872,0.214706253022565
4873,0.214693599042049
4874,0.214680949223394
4875,0.214668303564271
4876,0.214655662062353
4877,0.214643024715315
4878,0.214630391520834
4879,0.214617762476587
4880,0.214605137580256
4881,0.214592516829521
4882,0.214579900222067
4883,0.21456728775558
4884,0.214554679427748
4885,0.214542075236258
4886,0.214529475178803
4887,0.214516879253075
4888,0.214504287456769
4889,0.214491699787582
4890,0.214479116243211
4891,0.214466536821358
4892,0.214453961519723
4893,0.214441390336011
4894,0.214428823267927
4895,0.214416260313178
4896,0.214403701469474
4897,0.214391146734526
4898,0.214378596106045
4899,0.214366049581747
4900,0.214353507159348
4901,0.214340968836565
4902,0.214328434611119
4903,0.214315904480731
4904,0.214303378443125
4905,0.214290856496025
4906,0.214278338637159
4907,0.214265824864255
4908,0.214253315175044
4909,0.214240809567257
4910,0.21422830803863
4911,0.214215810586897
4912,0.214203317209797
4913,0.214190827905068
4914,0.214178342670451
4915,0.21416586150369
4916,0.214153384402528
4917,0.214140911364713
4918,0.214128442387992
4919,0.214115977470115
4920,0.214103516608833
4921,0.214091059801901
4922,0.214078607047072
4923,0.214066158342104
4924,0.214053713684755
4925,0.214041273072786
4926,0.214028836503959
4927,0.214016403976036
4928,0.214003975486785
4929,0.213991551033971
4930,0.213979130615365
4931,0.213966714228736
4932,0.213954301871857
4933,0.213941893542503
4934,0.213929489238448
4935,0.213917088957472
4936,0.213904692697352
4937,0.21389230045587
4938,0.213879912230809
4939,0.213867528019953
4940,0.213855147821089
4941,0.213842771632004
4942,0.213830399450488
4943,0.213818031274332
4944,0.213805667101329
4945,0.213793306929274
4946,0.213780950755964
4947,0.213768598579196
4948,0.213756250396771
4949,0.213743906206489
4950,0.213731566006154
4951,0.213719229793572
4952,0.213706897566548
4953,0.213694569322891
4954,0.213682245060412
4955,0.21366992477692
4956,0.213657608470231
4957,0.213645296138159
4958,0.213632987778521
4959,0.213620683389136
4960,0.213608382967822
4961,0.213596086512403
4962,0.213583794020702
4963,0.213571505490544
4964,0.213559220919755
4965,0.213546940306164
4966,0.213534663647602
4967,0.2135223909419
4968,0.213510122186891
4969,0.213497857380412
4970,0.213485596520298
4971,0.213473339604388
4972,0.213461086630523
4973,0.213448837596544
4974,0.213436592500294
4975,0.21342435133962
4976,0.213412114112366
4977,0.213399880816383
4978,0.21338765144952
4979,0.213375426009629
4980,0.213363204494563
4981,0.213350986902177
4982,0.213338773230328
4983,0.213326563476875
4984,0.213314357639676
4985,0.213302155716595
4986,0.213289957705494
4987,0.213277763604237
4988,0.213265573410692
4989,0.213253387122727
4990,0.213241204738211
4991,0.213229026255015
4992,0.213216851671014
4993,0.213204680984081
4994,0.213192514192093
4995,0.213180351292928
4996,0.213168192284465
4997,0.213156037164586
4998,0.213143885931172
4999,0.213131738582109
5000,0.213119595115283
